       0.000000       3.823412       6.472951       9.136187      11.396774      14.520114      14.984434      18.220331      20.395462      23.319248      26.637224      27.487421      31.241007      30.910582      33.330936      30.269690      27.540972      24.759050      26.055792      24.208660      21.051800      20.332632      20.661058      19.023890      15.605605      16.394503      18.409393      16.118288      13.611612      10.557739      13.073689      13.238617      15.138902      16.961227      19.170553      20.422394      23.973034      26.478554      29.003656      27.819103      24.598526      21.438765      18.343567      16.440561      14.099925      11.237603       9.858295       6.774678       6.246630       8.081438      10.875862      10.220169       8.536402       9.382627      12.447609      13.354083      13.770077      15.331883      17.147882      18.708706      19.416510      21.142284      22.915695      24.730927      26.111092      23.699951      20.377808      17.686749      15.697668      13.046163      14.853011      15.023916
       3.823412       0.000000       3.806977       6.281325       9.345187      12.552730      13.152273      16.689156      18.526825      21.753128      24.797071      25.548088      29.289957      28.872656      31.001953      27.745283      25.264187      22.356680      23.239857      21.480625      18.561901      17.370779      17.518606      16.339743      12.752709      13.027346      15.358433      13.575758      11.183575       7.678640       9.596613       9.448369      11.358853      13.388341      15.876709      17.429474      21.077841      23.854237      26.297077      25.484148      22.477610      19.185249      15.855023      13.707412      10.894066       7.710887       6.282504       3.549245       5.168612       6.725571       9.503415       8.988361       8.030341       8.712696      12.324481      12.593706      12.063976      14.046701      16.329319      17.244148      17.642723      19.915594      21.667786      22.961349      24.459467      21.785978      18.782930      16.091450      14.678897      12.238991      13.946586      14.146834
       6.472951       3.806977       0.000000       3.797730       6.123154       8.917698       9.365596      12.961633      14.871390      18.198261      21.252117      21.827219      25.589264      25.330906      27.540863      24.366987      21.963125      18.901041      19.965357      18.492641      15.372757      14.182530      14.908890      13.786366      10.068280      10.970478      13.691826      12.341692      10.983030       7.886019       8.697111       8.867161       9.679319      10.772836      12.756819      13.974172      17.577564      20.260580      22.673363      21.724386      18.694899      15.400875      12.129554      10.109526       7.656016       5.261484       4.793405       4.482072       7.071677       9.498158      11.331705       9.758502       8.072013       7.111774      10.909367      11.633924      10.233442      11.566472      14.460623      15.446929      15.122622      17.336027      19.527056      20.550503      21.649857      18.718876      15.735075      12.746749      11.314249       8.865155      10.506846      11.072909
       9.136187       6.281325       3.797730       0.000000       3.835542       7.260666       9.113613      12.920587      15.033710      18.656689      21.509375      21.458925      25.215727      25.350981      27.396547      24.192419      22.288748      18.878105      19.612408      18.790016      15.858305      13.903290      15.047128      14.818894      11.019680      11.337571      14.734648      14.325355      13.344726      10.108023       9.602936       8.432151       7.975860       9.121852      10.649094      12.618996      16.363306      19.413420      21.280867      20.430744      17.843464      14.203650      11.246299       8.256048       6.072971       3.636626       5.907582       7.100651      10.409518      12.054351      14.175745      13.051580      11.756651      10.496449      14.208755      14.931683      12.889445      13.941902      17.252932      17.944283      16.996378      19.364275      21.804737      22.300795      23.106682      19.800602      17.166101      13.897114      12.534368       9.793097      10.093222       9.615607
      11.396774       9.345187       6.123154       3.835542       0.000000       3.813461       6.538062      10.127177      12.819070      16.360197      19.353415      18.875912      22.649561      23.236456      25.553249      22.650019      20.848967      17.289450      18.487097      18.196178      14.996036      13.291256      15.351138      15.082973      11.550937      12.717701      16.135138      15.935173      15.704045      12.974657      12.191956      11.458415      10.043320       9.802402       9.938633      11.271297      14.750712      17.486650      19.122795      17.751392      15.137646      11.472168       9.178472       6.288430       6.098264       6.024704       8.696602      10.256591      13.182998      15.418098      17.224207      15.465044      13.479598      11.179498      14.476759      15.918447      13.670833      13.669472      17.254202      18.338787      16.739969      18.601555      21.544701      21.962072      22.127802      18.674862      16.007460      12.376389      10.516466       7.468160       6.664470       5.926529
      14.520114      12.552730       8.917698       7.260666       3.813461       0.000000       3.810789       6.840685       9.668033      13.142048      16.044510      15.250713      19.001623      19.841980      22.275358      19.606234      17.957792      14.333826      15.854595      16.051096      12.798367      11.363465      14.172525      13.975821      11.012182      12.810520      16.042696      16.231974      16.873672      14.830105      13.580900      13.396629      11.341120       9.743321       8.629681       8.893504      11.912244      14.267596      15.819471      14.125045      11.462207       7.849931       6.193311       4.126433       6.175331       8.104337      10.685058      12.857089      15.619324      18.191566      19.421991      17.162792      14.978287      11.999794      14.654902      16.314083      13.674442      12.801997      16.547827      17.631359      15.346972      16.859301      20.117798      20.219305      19.829147      16.256073      13.849713      10.155322       8.484574       6.181668       4.500926       4.898500
      14.984434      13.152273       9.365596       9.113613       6.538062       3.810789       0.000000       3.813219       6.396850       9.836326      12.973987      12.860788      16.672441      17.066256      19.697857      17.076477      14.937840      11.556708      13.618933      13.375904       9.800860       9.340102      12.235883      11.310967       8.853850      11.582542      14.181486      14.102140      15.317224      14.044693      13.004544      13.879955      12.261497      10.130109       9.253097       8.108489      10.697462      12.440647      14.748761      12.989191       9.674152       6.686891       4.472978       4.986859       6.732962       9.153613      10.607008      12.790672      15.014809      18.005198      18.530722      15.729886      13.364627       9.975015      11.941632      13.667483      10.959688       9.431810      13.155109      14.343537      11.856615      13.101806      16.459501      16.670296      16.176611      12.717987      10.104984       6.364876       4.965738       4.130195       4.555893       7.312308
      18.220331      16.689156      12.961633      12.920587      10.127177       6.840685       3.813219       0.000000       3.803632       6.540329       9.882001       9.658366      13.424692      14.067505      17.076742      14.972963      12.790551       9.696428      12.539242      12.720629       9.221796       9.835938      13.160342      12.028510      10.677845      13.826456      15.833634      15.869633      17.702152      17.046562      15.979020      17.228621      15.471766      12.787871      11.222453       8.879704      10.157325      10.719482      13.101236      10.748355       7.077456       5.389939       5.127811       7.542868       9.999576      12.815638      14.034505      16.198709      18.056629      21.247988      21.377617      18.250467      15.724751      12.077009      13.003759      14.994038      12.417682       9.859900      13.197449      14.565003      11.527803      11.843275      15.516350      15.572481      14.251645      10.941335       8.628860       5.294732       4.330994       5.682308       5.810686       9.104820
      20.395462      18.526825      14.871390      15.033710      12.819070       9.668033       6.396850       3.803632       0.000000       3.791673       6.595048       7.182540      10.865895      10.789608      13.628606      11.373532       9.002055       6.031660       9.197112       9.334204       6.101751       7.620358      10.904976       9.792249       9.637334      12.832235      14.164957      14.633218      17.174526      17.272400      15.852593      17.570166      15.821415      12.685183      11.139777       7.882478       8.120051       7.930221      11.007542       9.261227       5.551432       5.391238       5.159050       8.785292      10.870119      14.046874      14.820221      17.335173      19.105776      22.155077      21.684969      18.503029      16.464392      13.083474      13.447775      14.731564      11.824692       9.185463      12.180931      12.801484       9.256126       9.635610      13.107535      12.492592      10.959032       7.471652       6.064079       4.094056       5.971393       8.683968       9.541616      12.735915
      23.319248      21.753128      18.198261      18.656689      16.360197      13.142048       9.836326       6.540329       3.791673       0.000000       3.822517       5.484544       8.577555       8.296113      11.693683      10.336463       7.709259       6.199028       9.984250      10.227089       7.771274      10.331757      13.250428      11.805769      12.548213      15.856505      16.527733      16.836672      19.669870      20.244387      19.045851      21.073528      19.464788      16.266224      14.643167      11.115480      10.301594       8.639135      11.653762       9.649755       6.358464       8.107283       8.854136      12.524656      14.634484      17.745077      18.231594      20.528126      21.892796      25.095291      24.298491      20.898634      18.756569      15.368441      14.852700      16.263857      13.827365      10.637853      12.721841      13.502158       9.925754       8.968741      12.388416      11.737133       9.182744       6.537690       6.025822       6.007670       7.928121      11.238380      12.181328      15.547764
      26.637224      24.797071      21.252117      21.509375      19.353415      16.044510      12.973987       9.882001       6.595048       3.822517       0.000000       3.827204       5.679167       4.507334       7.914055       7.064850       4.973998       4.933862       8.382897       9.319427       8.318729      10.929869      13.549727      12.682466      14.282887      17.152843      17.392956      18.277212      21.518719      22.478243      20.889227      22.941570      21.137800      17.664154      15.813786      12.020676      10.028960       7.191378      10.056184       8.781077       6.769991       9.671866      10.889772      14.687642      16.806534      20.151381      20.655386      23.249231      24.724504      27.712996      26.638725      23.366951      21.636539      18.498018      17.864443      18.742207      16.134785      13.276376      14.947638      14.959718      11.289067      10.424159      13.100661      11.464984       8.402421       6.344128       7.911719       9.081741      11.606287      14.887535      15.640036      18.773796
      27.487421      25.548088      21.827219      21.458925      18.875912      15.250713      12.860788       9.658366       7.182540       5.484544       3.827204       0.000000       3.811977       5.401706       8.469325       7.967226       7.527322       6.283020       9.104124      11.233454      10.196615      11.689209      14.892651      14.751461      15.741256      18.333820      19.240351      20.468916      23.513601      23.962055      22.056696      23.548155      21.222443      17.589296      15.029734      11.369237       8.987436       5.940634       7.582922       5.416807       4.260304       7.966909      10.419538      13.938515      16.732222      20.312660      21.493992      24.311657      26.213913      29.141420      28.495981      25.365360      23.512869      20.180069      20.097719      21.243668      18.388258      15.640100      17.873695      18.037237      14.260727      13.782967      16.706224      15.057128      12.186056       9.749760      10.812089      10.811056      12.615873      15.241348      15.036155      17.646969
      31.241007      29.289957      25.589264      25.215727      22.649561      19.001623      16.672441      13.424692      10.865895       8.577555       5.679167       3.811977       0.000000       3.823469       6.398973       7.663588       8.369420       8.636438      10.740140      13.156557      13.002223      14.635041      17.483467      17.509178      18.990381      21.413231      21.964388      23.371674      26.631187      27.353920      25.358435      26.916899      24.543612      20.828314      18.191681      14.541915      11.583871       7.952816       8.588390       7.206863       7.714917      11.524099      14.081543      17.553421      20.318258      23.943384      25.068052      27.936916      29.773703      32.666924      31.825487      28.685297      26.947412      23.688389      23.320484      24.327322      21.565737      18.796249      20.617096      20.561043      16.860535      16.054180      18.531929      16.537374      13.311378      11.740453      13.563175      14.230894      16.195782      18.963442      18.731688      21.263172
      30.910582      28.872656      25.330906      25.350981      23.236456      19.841980      17.066256      14.067505      10.789608       8.296113       4.507334       5.401706       3.823469       0.000000       3.828233       5.060580       5.318003       7.095797       9.023417      10.792600      11.282909      13.499648      15.716476      15.505500      17.641344      20.015530      19.938395      21.329569      24.821173      26.035120      24.115818      26.078491      24.062422      20.417509      18.320158      14.540452      11.604992       7.952552       9.738084       9.423794       9.223364      12.678334      14.342192      18.028641      20.211096      23.708012      24.313475      27.133154      28.723040      31.520296      30.266787      27.139708      25.718082      22.753139      22.060665      22.596298      19.918276      17.336437      18.691626      18.169022      14.629885      13.839197      15.753221      13.385810      10.194408       9.192622      11.819032      13.424595      16.093151      19.290159      19.773859      22.656710
      33.330936      31.001953      27.540863      27.396547      25.553249      22.275358      19.697857      17.076742      13.628606      11.693683       7.914055       8.469325       6.398973       3.828233       0.000000       3.820741       6.275717       8.651596       8.979979      11.087423      12.746109      14.498662      16.146997      16.559780      19.090960      20.896389      20.525995      22.411987      26.060766      27.494652      25.251768      27.134119      25.041887      21.373209      19.332193      15.737707      12.379308       8.809566       9.940821      10.948399      11.668036      14.919078      16.410545      19.905100      21.851145      25.366770      25.952379      28.984661      30.711172      33.217075      31.790474      28.908054      27.916924      25.229790      24.657076      24.709425      21.861151      19.743744      20.992414      19.844212      16.466028      16.178726      17.466803      14.478903      11.804349      11.138125      14.341897      16.183420      19.179171      22.296856      22.777527      25.481499
      30.269690      27.745283      24.366987      24.192419      22.650019      19.606234      17.076477      14.972963      11.373532      10.336463       7.064850       7.967226       7.663588       5.060580       3.820741       0.000000       3.818867       5.630806       5.212722       7.450050       9.425134      10.875740      12.374473      13.072582      15.600165      17.175600      16.870277      18.971182      22.592381      23.971165      21.582653      23.429413      21.388945      17.771988      15.981210      12.464749       9.269045       6.188550       8.278156       9.828978      10.037598      12.635947      13.511739      16.883041      18.493244      21.937975      22.457720      25.586798      27.441010      29.773327      28.379265      25.661062      24.896929      22.385635      22.137636      21.912786      18.819103      17.099545      18.638657      17.185654      13.763375      14.234773      15.567031      12.407169      10.404264       8.883393      12.073589      13.736320      16.986166      19.950096      20.611595      23.264668
      27.540972      25.264187      21.963125      22.288748      20.848967      17.957792      14.937840      12.790551       9.002055       7.709259       4.973998       7.527322       8.369420       5.318003       6.275717       3.818867       0.000000       3.795583       5.328249       5.731327       6.835248       9.442571      10.917752      10.561341      13.214040      15.385937      14.851023      16.340982      19.965015      21.501633      19.564510      21.831396      20.223492      16.788670      15.478221      11.821971       9.499802       6.948875      10.207270      10.767367       9.544641      11.789371      12.020264      15.629626      16.951921      20.189024      20.280416      23.104864      24.605925      27.155075      25.625677      22.673149      21.728617      19.199499      18.618814      18.471872      15.610088      13.638013      14.945040      13.693734      10.236326      10.426766      11.906347       9.027360       6.836328       5.105081       8.441253      10.606009      14.046218      17.318527      18.528145      21.564432
      24.759050      22.356680      18.901041      18.878105      17.289450      14.333826      11.556708       9.696428       6.031660       6.199028       4.933862       6.283020       8.636438       7.095797       8.651596       5.630806       3.795583       0.000000       3.803426       4.973103       4.555202       6.434729       8.949825       8.974030      10.749061      12.984563      13.330191      14.942256      18.284527      19.229498      17.092453      18.987875      17.071016      13.517337      11.920343       8.175791       6.152395       4.351051       8.152759       8.386184       6.587072       8.176005       8.299709      11.892977      13.470504      16.878675      17.403690      20.411827      22.290762      24.842081      23.755131      20.878193      19.764729      17.030809      17.102997      17.222034      13.982214      12.105461      14.306314      13.384068       9.643979      10.547240      12.818771      10.505157       8.884745       5.615805       7.521162       8.337015      11.552969      14.396790      15.279591      18.092993
      26.055792      23.239857      19.965357      19.612408      18.487097      15.854595      13.618933      12.539242       9.197112       9.984250       8.382897       9.104124      10.740140       9.023417       8.979979       5.212722       5.328249       3.803426       0.000000       3.816464       5.771430       5.939947       7.522179       8.991893      11.084683      12.227336      12.412040      14.884542      18.301405      19.353460      16.675106      18.307482      16.222767      12.651141      11.193477       7.919649       5.381146       4.537011       7.641066       9.491027       8.891049       9.921987       9.680695      12.619715      13.726341      17.077372      17.662271      20.979740      23.141237      25.213690      24.044016      21.609442      21.112707      18.830250      19.269880      18.763367      15.267821      14.250264      16.426018      14.733864      11.350201      13.088192      14.652255      11.733037      10.957949       8.102397      10.380569      11.192078      14.480087      16.920519      17.683100      20.084032
      24.208660      21.480625      18.492641      18.790016      18.196178      16.051096      13.375904      12.720629       9.334204      10.227089       9.319427      11.233454      13.156557      10.792600      11.087423       7.450050       5.731327       4.973103       3.816464       0.000000       3.817684       5.241647       5.351279       5.822553       8.793026      10.134323       9.442422      11.613362      15.239261      16.814268      14.498827      16.773386      15.428608      12.295687      11.945051       9.003908       7.937961       7.845549      11.313344      12.637941      11.097545      11.555737      10.172090      13.018538      13.227070      16.099407      15.878705      18.904949      20.646362      22.695932      21.122280      18.636524      18.403227      16.492659      16.635994      15.648734      12.300335      11.666391      13.407925      11.249029       8.197978      10.460175      11.482555       8.561406       8.805264       6.141574       8.359915       9.849935      13.501119      16.157253      17.713163      20.437105
      21.051800      18.561901      15.372757      15.858305      14.996036      12.798367       9.800860       9.221796       6.101751       7.771274       8.318729      10.196615      13.002223      11.282909      12.746109       9.425134       6.835248       4.555202       5.771430       3.817684       0.000000       3.840604       5.594148       4.559860       6.421035       8.970439       9.143348      10.430705      13.737864      14.823937      12.903020      15.233569      13.947471      10.856648      10.498388       7.411978       7.489341       7.908341      11.641233      11.887037       9.347062       9.150941       7.245813      10.317120      10.692268      13.599622      13.450599      16.311298      18.023500      20.480120      19.238125      16.411983      15.574032      13.212683      13.501512      13.116335       9.677051       8.496058      10.907415       9.626287       6.114381       8.395947      10.472017       8.684171       8.653327       5.058763       5.518800       6.132528       9.711906      12.364268      14.094769      17.009167
      20.332632      17.370779      14.182530      13.903290      13.291256      11.363465       9.340102       9.835938       7.620358      10.331757      10.929869      11.689209      14.635041      13.499648      14.498662      10.875740       9.442571       6.434729       5.939947       5.241647       3.840604       0.000000       3.812525       5.269438       5.632782       6.897027       8.301273      10.504128      13.368340      13.784967      11.088006      12.673338      10.785175       7.394508       6.964107       4.399976       5.527732       7.737208      10.799018      11.589922       9.612289       8.324702       5.878958       7.987921       8.102211      11.235783      11.744133      15.127400      17.526960      19.541193      18.751673      16.454506      15.973599      13.859590      15.119342      14.566269      10.787246      10.557097      13.497595      12.091823       9.121648      11.933031      13.892507      12.092808      12.413262       8.865120       8.986810       8.283110      11.083165      12.711239      13.830271      16.047039
      20.661058      17.518606      14.908890      15.047128      15.351138      14.172525      12.235883      13.160342      10.904976      13.250428      13.549727      14.892651      17.483467      15.716476      16.146997      12.374473      10.917752       8.949825       7.522179       5.351279       5.594148       3.812525       0.000000       3.810993       5.320038       5.053874       5.132022       8.169749      11.277602      12.393879       9.554049      11.623030      10.537661       7.965417       9.025022       7.669372       8.715935      10.726255      13.712407      15.055568      13.293182      12.125626       9.403050      10.800498       9.639407      11.873590      11.459984      14.698998      16.842281      18.352875      17.050629      15.157634      15.538124      14.267667      15.419648      13.917908      10.255112      11.136511      13.429883      11.100896       9.023684      12.481897      13.441859      11.438956      12.842490       9.961715      10.422406      10.531798      13.533804      15.146711      16.787148      18.964611
      19.023890      16.339743      13.786366      14.818894      15.082973      13.975821      11.310967      12.028510       9.792249      11.805769      12.682466      14.751461      17.509178      15.505500      16.559780      13.072582      10.561341       8.974030       8.991893       5.822553       4.559860       5.269438       3.810993       0.000000       3.820611       5.729014       4.804396       6.018126       9.527503      11.178448       9.409082      12.360246      12.066332       9.922486      11.177517       9.409292      10.641236      11.976709      15.484048      16.093042      13.587241      12.575578       9.619891      11.468173      10.228832      12.104626      10.890710      13.513841      14.961930      16.988800      15.331706      12.828754      12.850723      11.486769      12.027946      10.488444       6.953614       7.665777       9.645016       7.356624       5.396730       9.076539      10.008584       8.704685      10.477743       7.864965       7.567765       8.148628      11.300057      13.357856      15.722789      18.424944
      15.605605      12.752709      10.068280      11.019680      11.550937      11.012182       8.853850      10.677845       9.637334      12.548213      14.282887      15.741256      18.990381      17.641344      19.090960      15.600165      13.214040      10.749061      11.084683       8.793026       6.421035       5.632782       5.320038       3.820611       0.000000       3.815275       5.359820       5.814781       8.096709       8.488946       6.659213       9.343446       9.091444       7.391051       9.202184       8.377804      10.870439      13.035275      16.228380      16.400179      13.643402      11.625147       8.029855       8.824916       6.881867       8.386019       7.271629      10.119954      12.079215      14.207045      13.254000      10.825315      10.533917       9.035356      10.688730       9.613220       5.827868       7.133601      10.062591       8.842053       7.329135      10.776372      12.383426      11.925664      13.389816      10.391774       8.866440       7.733411       9.809196      10.860437      13.143878      15.478917
      16.394503      13.027346      10.970478      11.337571      12.717701      12.810520      11.582542      13.826456      12.832235      15.856505      17.152843      18.333820      21.413231      20.015530      20.896389      17.175600      15.385937      12.984563      12.227336      10.134323       8.970439       6.897027       5.053874       5.729014       3.815275       0.000000       3.844145       5.902405       7.535648       7.699959       4.525348       6.821270       6.785374       5.887004       8.821162       9.226505      11.852791      14.593683      17.359482      18.182854      15.986748      13.746866      10.192892      10.013022       7.210237       7.960355       6.817741      10.025571      12.445901      13.571472      12.694509      11.307450      12.110923      11.570960      13.653365      11.940207       8.500231      10.701488      13.231935      11.391574      10.464292      14.161531      15.188594      14.307256      16.185997      13.323961      12.417855      11.464955      13.404830      13.915748      15.777473      17.477772
      18.409393      15.358433      13.691826      14.734648      16.135138      16.042696      14.181486      15.833634      14.164957      16.527733      17.392956      19.240351      21.964388      19.938395      20.525995      16.870277      14.851023      13.330191      12.412040       9.442422       9.143348       8.301273       5.132022       4.804396       5.359820       3.844145       0.000000       3.829358       6.706373       8.698259       6.574092       9.668337      10.384799       9.568773      12.158478      11.807219      13.627713      15.689346      18.792845      19.865164      17.661625      16.087944      12.739084      13.356675      10.876716      11.538218       9.593242      12.022967      13.503907      14.512679      12.622043      11.179199      12.565174      12.535375      13.708273      11.194015       8.155542      10.657795      12.184410       9.433766       9.237370      13.057003      13.136598      12.078527      14.646470      12.509060      12.144861      12.345368      14.887816      16.111479      18.474379      20.622107
      16.118288      13.575758      12.341692      14.325355      15.935173      16.231974      14.102140      15.869633      14.633218      16.836672      18.277212      20.468916      23.371674      21.329569      22.411987      18.971182      16.340982      14.942256      14.884542      11.613362      10.430705      10.504128       8.169749       6.018126       5.814781       5.902405       3.829358       0.000000       3.821355       6.747185       6.488473      10.260986      11.868928      11.617328      14.338235      13.907409      16.024950      17.852310      21.220526      21.733778      19.013355      17.350496      13.823261      14.415411      11.753578      11.725945       8.857120      10.222300      10.755797      12.141888       9.793730       7.806903       9.285499       9.823306      10.658641       7.690798       5.365146       8.660620       9.579814       7.166180       8.263960      11.819123      11.703131      11.788033      14.627852      12.894980      11.669517      11.841010      13.906134      15.045738      17.978516      20.345560
      13.611612      11.183575      10.983030      13.344726      15.704045      16.873672      15.317224      17.702152      17.174526      19.669870      21.518719      23.513601      26.631187      24.821173      26.060766      22.592381      19.965015      18.284527      18.301405      15.239261      13.737864      13.368340      11.277602       9.527503       8.096709       7.535648       6.706373       3.821355       0.000000       3.834723       5.441768       8.980998      11.649240      12.558187      15.783215      16.102270      18.749290      20.945560      24.157099      24.495186      21.666544      19.525372      15.798489      15.586761      12.367883      11.137906       7.580944       7.738278       7.735178       8.508937       6.035361       4.831193       7.477849       9.323129      10.811415       7.776761       6.691310      10.491867      11.325437       9.757068      11.409859      14.652448      14.612826      15.278478      18.104525      16.353806      14.611348      14.156153      15.398677      15.716313      18.661642      20.604404
      10.557739       7.678640       7.886019      10.108023      12.974657      14.830105      14.044693      17.046562      17.272400      20.244387      22.478243      23.962055      27.353920      26.035120      27.494652      23.971165      21.501633      19.229498      19.353460      16.814268      14.823937      13.784967      12.393879      11.178448       8.488946       7.699959       8.698259       6.747185       3.834723       0.000000       3.832132       6.384288       9.425216      11.125755      14.501266      15.531610      18.712463      21.348730      24.255392      24.350382      21.522602      18.833349      15.040291      13.967326      10.437240       8.265953       4.528843       4.148381       5.327191       5.965545       5.373560       4.872139       6.836233       8.591628      11.264415       9.261746       8.016413      11.471401      13.141313      12.398159      13.408540      16.549181      17.245762      17.972639      20.339405      18.066435      15.903746      14.511942      14.978868      14.364916      16.911013      18.273893
      13.073689       9.596613       8.697111       9.602936      12.191956      13.580900      13.004544      15.979020      15.852593      19.045851      20.889227      22.056696      25.358435      24.115818      25.251768      21.582653      19.564510      17.092453      16.675106      14.498827      12.903020      11.088006       9.554049       9.409082       6.659213       4.525348       6.574092       6.488473       5.441768       3.832132       0.000000       3.813052       6.229235       7.738820      11.333554      12.650990      15.798770      18.718203      21.377275      21.865210      19.427151      16.707359      12.952906      11.767051       8.116649       6.616097       3.958936       6.327158       8.846739       9.291464       8.941923       8.438367       9.888345      10.484573      13.219504      11.362535       8.880442      11.943965      14.213642      12.913425      13.024084      16.543985      17.443287      17.368786      19.539032      16.882526      15.259131      13.837841      14.831654      14.423395      16.454346      17.680189
      13.238617       9.448369       8.867161       8.432151      11.458415      13.396629      13.879955      17.228621      17.570166      21.073528      22.941570      23.548155      26.916899      26.078491      27.134119      23.429413      21.831396      18.987875      18.307482      16.773386      15.233569      12.673338      11.623030      12.360246       9.343446       6.821270       9.668337      10.260986       8.980998       6.384288       3.813052       0.000000       3.805881       6.984873      10.678692      13.060304      16.476116      19.838440      21.958094      22.512487      20.416809      17.291250      13.742905      11.578861       7.818334       5.462375       4.657377       7.067503      10.383999      10.087382      10.951636      11.232089      12.468144      12.926642      16.146658      14.758316      12.306293      15.019292      17.649185      16.584454      16.332664      19.791985      20.999487      20.746664      22.642408      19.676870      18.081854      16.157848      16.714319      15.612967      16.891466      17.298473
      15.138902      11.358853       9.679319       7.975860      10.043320      11.341120      12.261497      15.471766      15.821415      19.464788      21.137800      21.222443      24.543612      24.062422      25.041887      21.388945      20.223492      17.071016      16.222767      15.428608      13.947471      10.785175      10.537661      12.066332       9.091444       6.785374      10.384799      11.868928      11.649240       9.425216       6.229235       3.805881       0.000000       3.804939       7.228991      10.163367      13.608350      17.206013      18.898792      19.531015      17.806585      14.576151      11.366310       8.861965       5.560219       4.656754       6.262298       9.566024      13.203300      13.521704      14.441725      14.107149      14.649384      14.148917      17.363976      16.472061      13.436438      15.397077      18.517681      17.518169      16.420441      19.781294      21.434460      20.743078      22.111109      18.787798      17.467367      15.281184      15.907100      14.817381      15.389274      15.546366
      16.961227      13.388341      10.772836       9.121852       9.802402       9.743321      10.130109      12.787871      12.685183      16.266224      17.664154      17.589296      20.828314      20.417509      21.373209      17.771988      16.788670      13.517337      12.651141      12.295687      10.856648       7.394508       7.965417       9.922486       7.391051       5.887004       9.568773      11.617328      12.558187      11.125755       7.738820       6.984873       3.804939       0.000000       3.806796       6.411645       9.803788      13.412727      15.129727      15.829900      14.224150      11.199831       8.153111       6.282365       3.986343       5.888523       7.808891      11.541965      14.985874      16.048174      16.467567      15.340937      15.371410      14.063546      16.858057      16.232830      12.722406      13.929087      17.267153      16.216789      14.387240      17.597908      19.517689      18.438581      19.360361      15.853398      14.890066      12.802616      13.888858      13.413370      13.810161      14.447404
      19.170553      15.876709      12.756819      10.649094       9.938633       8.629681       9.253097      11.222453      11.139777      14.643167      15.813786      15.029734      18.191681      18.320158      19.332193      15.981210      15.478221      11.920343      11.193477      11.945051      10.498388       6.964107       9.025022      11.177517       9.202184       8.821162      12.158478      14.338235      15.783215      14.501266      11.333554      10.678692       7.228991       3.806796       0.000000       3.818001       7.070781      10.812596      11.949061      12.513764      11.354949       8.311975       6.243400       4.611835       5.122304       8.288557      10.859908      14.507237      17.911007      19.377913      19.870407      18.347931      17.810627      15.808401      18.351940      18.291948      14.653272      14.928159      18.482836      17.717537      15.180593      17.915030      20.283587      18.931671      19.116592      15.390425      14.715295      12.447902      13.466607      13.148532      12.715862      13.226196
      20.422394      17.429474      13.974172      12.618996      11.271297       8.893504       8.108489       8.879704       7.882478      11.115480      12.020676      11.369237      14.541915      14.540452      15.737707      12.464749      11.821971       8.175791       7.919649       9.003908       7.411978       4.399976       7.669372       9.409292       8.377804       9.226505      11.807219      13.907409      16.102270      15.531610      12.650990      13.060304      10.163367       6.411645       3.818001       0.000000       3.791863       7.271664       9.109242       9.498066       7.998641       5.587298       3.870840       5.065693       6.760130      10.449923      12.331507      15.878671      18.833731      20.818352      20.802614      18.691614      17.816313      15.351048      17.218346      17.342192      13.626143      13.118495      16.558086      15.831810      12.766673      15.112273      17.644205      16.081345      15.792130      12.026646      11.715230       9.829115      11.479266      12.156854      12.027629      13.463245
      23.973034      21.077841      17.577564      16.363306      14.750712      11.912244      10.697462      10.157325       8.120051      10.301594      10.028960       8.987436      11.583871      11.604992      12.379308       9.269045       9.499802       6.152395       5.381146       7.937961       7.489341       5.527732       8.715935      10.641236      10.870439      11.852791      13.627713      16.024950      18.749290      18.712463      15.798770      16.476116      13.608350       9.803788       7.070781       3.791863       0.000000       3.805179       5.581388       6.810473       6.372733       5.902163       6.247488       8.502396      10.539357      14.220821      15.881881      19.405365      22.160814      24.224712      23.877275      21.605375      20.735081      18.136190      19.442097      19.542625      15.850028      14.854672      17.933952      16.982685      13.536289      15.418601      17.828341      15.675437      14.797562      11.243940      12.000127      10.997927      13.200307      14.611229      14.371219      16.044527
