       0.000000       3.785093       5.680780       6.398068      10.068148      11.037752      14.743243      16.702534      18.450914      21.779438      23.536695      23.559254      25.949518      26.122534      29.307035      29.261091      32.899181      34.889797      34.980995      31.396744      28.345028      28.132353      25.486036      26.965008      25.269751      27.061283      24.943251      26.361734      23.619484      22.342382      19.292925      17.703415      17.581526      18.127317      20.600599      19.265781      22.280556      23.182758      23.300529      19.523975      19.653267      19.136417      21.735346      19.795761      17.921734      20.670767      20.952848      23.709507      25.498814      26.902725      29.864773      29.162109      29.226681      28.315207      27.855211      24.439955      25.861162      29.126184      31.197872      31.294439      34.454308      32.771721      31.296297      27.556131      27.885220      27.308577      24.485907      22.422651      20.688236      19.037971      15.315429      13.735805      12.398581      10.128327
       3.785093       0.000000       3.784250       6.666353      10.271363      12.166156      15.848243      17.269588      19.266781      22.859447      24.131744      23.815411      26.258806      26.270727      29.209749      29.190634      32.740894      34.578800      34.281944      30.632278      27.775198      27.497080      24.976513      26.620651      24.936644      27.138880      25.020561      26.193441      23.106087      21.354113      18.498320      16.598118      16.897989      17.357229      20.234510      19.214842      22.306700      23.654224      23.371395      19.653936      19.139339      18.353365      20.596365      18.143332      16.285418      19.020458      19.374022      22.495052      24.391415      26.269024      29.236204      28.226252      28.352217      27.134909      26.713150      23.397953      24.929813      28.311750      30.762810      31.225323      34.207272      32.547825      30.671476      26.967859      27.808134      27.520573      24.650940      23.112585      21.350594      19.297287      15.515986      13.647044      11.341684       9.668003
       5.680780       3.784250       0.000000       3.785557       6.932533       9.524410      13.121797      14.558125      17.063076      20.662039      21.946623      21.164408      23.314133      23.001499      25.794199      25.607697      29.105062      30.853708      30.558073      26.932272      24.140911      24.048712      21.729776      23.669006      22.349421      24.773714      23.053593      24.586918      21.606232      19.540154      16.380861      13.967640      13.762648      13.799649      16.594484      15.542967      18.636206      20.166138      19.872894      16.214115      15.463508      14.570226      16.854902      14.539318      12.902185      15.920286      16.755926      19.919485      22.222078      24.217451      26.893223      25.591543      25.363714      23.940989      23.255871      19.840527      21.214399      24.555168      27.015228      27.505171      30.452271      28.824974      26.914743      23.224878      24.124659      23.874559      21.017153      19.676512      18.015047      15.983027      12.240551      10.785002       8.444536       7.782010
       6.398068       6.666353       3.785557       0.000000       3.784636       6.038622       9.765865      11.807399      14.487828      17.865913      19.609995      18.821335      20.733040      20.380545      23.350040      23.068867      26.647024      28.535854      28.616533      25.061594      22.080784      22.132172      19.788010      21.730583      20.633110      22.800253      21.354828      23.356764      20.789560      19.002077      15.493260      13.131450      12.110516      12.008972      14.298571      12.930941      16.047375      17.324995      17.541801      13.847213      13.584594      12.803638      15.461958      13.876371      12.325618      15.405930      16.401049      19.138336      21.551998      23.136711      25.608789      24.438675      23.940706      22.735497      21.885492      18.336111      19.536819      22.745413      24.813917      24.988762      28.129318      26.558485      25.031921      21.327898      21.727560      21.129097      18.246124      16.490376      14.821948      13.156301       9.427226       8.621015       7.578953       6.963532
      10.068148      10.271363       6.932533       3.784636       0.000000       3.785452       6.846449       8.921608      12.151241      15.349330      17.133045      15.872474      17.402153      16.763697      19.665483      19.296740      22.880720      24.822756      24.994162      21.469540      18.427311      18.604229      16.408516      18.566355      17.896225      20.146191      19.203440      21.615358      19.361841      17.465799      13.751195      11.106037       9.206543       8.659100      10.609949       9.289098      12.586950      14.159404      14.760453      11.276574      10.780452       9.618317      12.279412      11.268476       9.919143      13.005527      14.397362      16.830269      19.545633      21.035675      23.122969      21.777327      20.902941      19.665325      18.600271      14.993156      16.079433      19.232275      21.153337      21.340517      24.566053      23.188004      21.762589      18.135191      18.402538      17.557474      14.539578      12.905531      11.135749       9.492021       5.853327       6.100268       6.162502       6.963442
      11.037752      12.166156       9.524410       6.038622       3.785452       0.000000       3.809878       6.535036       9.269514      12.245308      14.489870      13.779591      15.479766      15.419559      18.744610      18.766588      22.490404      24.856499      25.343613      21.891905      18.511028      18.341238      15.753729      17.344334      16.434498      18.085537      17.060232      19.681234      17.873507      16.645369      12.919678      11.124718       9.136533       9.525623      10.983690      10.033042      13.365609      14.697913      16.176430      12.972178      12.951072      11.606255      13.982661      13.507613      11.711574      14.079799      14.844104      16.573471      18.872633      19.695742      21.821175      21.013002      20.323412      19.742596      19.039169      15.662821      17.011127      20.073112      21.498272      21.515759      25.019482      23.986870      23.016687      19.574900      19.253880      17.698778      14.484632      12.296844       9.910329       8.384511       5.093531       5.252017       7.232130       6.920489
      14.743243      15.848243      13.121797       9.765865       6.846449       3.809878       0.000000       3.784412       6.626296       9.014208      11.538123      10.648540      12.005031      12.091473      15.592467      15.864009      19.618965      22.287989      22.984621      19.665487      16.100382      15.765255      13.124777      14.474275      13.878649      15.193999      14.696852      17.768826      16.581579      15.664692      12.030939      10.685232       8.100422       8.719076       9.293827       8.982920      12.183732      13.657736      15.878676      13.306732      13.226277      11.517140      13.358840      13.650295      11.926826      13.598145      14.263141      15.186292      17.409664      17.740576      19.449390      18.804640      17.899597      17.722225      17.107594      14.022970      15.421738      18.273254      19.246920      19.252569      22.919249      22.340305      21.697701      18.579624      17.877306      15.692624      12.304137      10.089436       7.059367       5.643929       3.890303       5.293566       8.697195       8.990278
      16.702534      17.269588      14.558125      11.807399       8.921608       6.535036       3.784412       0.000000       3.810346       6.746883       8.342897       7.245317       9.270314      10.036616      13.631074      14.708532      18.475393      21.461128      21.740164      18.317509      14.593496      13.450555      10.296588      11.144593      10.167873      11.637475      11.109390      14.207869      13.097547      12.195811       8.709199       7.927993       5.724283       7.686290       8.742640       9.966593      13.342319      15.541677      17.783415      15.564832      14.683535      12.115596      12.892101      12.957092      10.637104      11.304580      11.347193      11.733106      13.749928      13.969382      15.693256      15.165665      14.570361      14.785941      14.805750      12.198359      14.363799      17.443123      18.583271      19.242727      22.888710      22.856939      21.974455      19.154406      18.808712      16.399176      12.707080      11.418299       7.758109       4.892098       4.307966       4.249229       7.994532       8.675636
      18.450914      19.266781      17.063076      14.487828      12.151241       9.269514       6.626296       3.810346       0.000000       3.784941       5.309717       5.967484       8.861303      10.970733      14.660628      16.463211      20.090334      23.412279      23.716026      20.456121      16.675722      14.893136      11.393263      10.936998       9.115112       9.472117       8.389232      11.504213      11.022174      11.225174       8.433452       9.312282       8.344548      11.050485      12.028602      13.576468      16.751326      18.807814      21.322021      19.224949      18.451557      15.825981      16.256489      16.243095      13.575348      13.449389      12.489982      11.995660      12.986256      12.256357      14.200568      14.604086      14.711790      15.844323      16.620338      14.665244      17.165138      20.110620      20.960680      21.710520      25.386801      25.734095      25.052500      22.477064      21.950480      19.202141      15.577936      14.260744      10.522810       8.087721       8.112415       7.115838      10.499639      10.226494
      21.779438      22.859447      20.662039      17.865913      15.349330      12.245308       9.014208       6.746883       3.784941       0.000000       3.785533       5.421302       7.493008      10.279385      13.875234      15.984171      19.354439      22.901716      23.550941      20.664377      16.945503      15.078862      11.847818      10.664454       9.314368       8.323660       8.157600      11.626633      12.352936      13.264652      11.163301      12.436849      11.237253      13.565513      13.661950      15.285220      17.930862      19.693333      22.649817      21.008047      20.499348      18.036148      18.275240      18.855923      16.527466      16.054495      15.099309      13.796853      14.360327      12.744140      13.982633      14.924034      14.897822      16.648760      17.525429      16.080564      18.331791      20.793236      21.009956      21.560089      25.239735      25.967892      25.745028      23.543236      22.570997      19.397646      16.043936      14.699469      11.155522       9.659302      10.835593      10.661633      14.168189      13.993738
      23.536695      24.131744      21.946623      19.609995      17.133045      14.489870      11.538123       8.342897       5.309717       3.785533       0.000000       3.785064       6.818658      10.282695      13.449229      16.237877      19.396055      23.039183      23.172209      20.279142      16.671022      14.078026      10.629971       8.474493       6.323866       4.786255       4.514213       8.151998       9.360429      10.587738       9.378206      11.461175      11.124804      13.970243      14.451651      16.829260      19.569773      21.835873      24.588217      23.069422      21.993574      19.064098      18.593231      18.878668      16.288124      14.971993      13.374862      11.349308      11.239264       9.153031      10.366724      11.753442      12.365676      14.664827      16.289198      15.509845      18.274736      20.833811      21.299660      22.459419      25.965170      27.057888      26.525290      24.553995      24.009399      20.915628      17.472784      16.869921      13.239180      11.074343      12.387392      11.592510      14.590858      14.686912
      23.559254      23.815411      21.164408      18.821335      15.872474      13.779591      10.648540       7.245317       5.967484       5.421302       3.785064       0.000000       3.785464       6.846970       9.991029      12.747160      15.968974      19.533472      19.511589      16.529915      12.914726      10.345840       6.904582       5.300534       4.387547       4.848335       6.249170       9.938927      10.515398      10.455265       8.773334       9.843210       8.773602      11.116935      11.221120      13.992219      16.558363      19.125242      21.743370      20.524113      19.140223      16.082380      15.246144      15.860539      13.680972      12.277597      11.362822       9.352231      10.306726       9.145413       9.642532       9.832634       9.482432      11.352122      12.628861      11.868192      14.570214      17.086159      17.660749      19.046688      22.477827      23.626497      22.941406      21.093910      20.745291      17.759201      14.301702      14.279406      10.754050       8.442188      10.479218      10.395680      13.345851      14.403644
      25.949518      26.258806      23.314133      20.733040      17.402153      15.479766      12.005031       9.270314       8.861303       7.493008       6.818658       3.785464       0.000000       3.785029       6.704215       9.604821      12.599487      16.282412      16.600254      13.993511      10.533654       8.313605       5.909822       4.837194       6.498716       6.735406       9.434554      13.032480      13.972142      13.673573      12.049184      12.415455      10.533209      11.757583      10.641667      13.405194      15.208270      17.613565      20.454472      19.872103      18.610315      15.821181      14.772479      16.240986      14.873708      13.579904      13.484111      11.387269      12.762371      11.697707      11.029694      10.692339       9.131673      10.850945      11.472986      11.105256      13.098891      14.926703      14.855946      16.110640      19.466549      20.951590      20.632822      19.232157      18.568106      15.339229      12.269463      12.689509       9.730642       8.518929      11.612489      12.632804      15.676864      17.215792
      26.122534      26.270727      23.001499      20.380545      16.763697      15.419559      12.091473      10.036616      10.970733      10.279385      10.282695       6.846970       3.785029       0.000000       3.784730       5.955365       9.272674      12.818334      13.287261      10.617637       7.112171       5.894197       4.888568       6.184072       8.948051      10.178024      12.791841      16.286478      16.727320      15.704228      13.682838      13.000982      10.346492      10.299769       8.183115      10.912077      12.108414      14.616535      17.344660      17.226370      15.872890      13.303992      12.113288      14.266581      13.754351      12.900482      13.844824      12.351643      14.577775      14.327682      13.437762      12.099757       9.476408       9.973310       9.353193       8.715943       9.897302      11.360367      11.138721      12.382342      15.752409      17.190557      16.873718      15.612633      14.952794      11.795853       8.885650      10.036721       7.776792       7.316611      10.954934      12.892102      15.713063      17.874130
      29.307035      29.209749      25.794199      23.350040      19.665483      18.744610      15.592467      13.631074      14.660628      13.875234      13.449229       9.991029       6.704215       3.784730       0.000000       3.785678       6.101096       9.739636       9.975555       7.834373       5.130859       4.342020       5.884154       7.365127      10.947355      12.260971      15.341094      18.543327      19.131954      17.882597      16.294981      15.454881      12.965579      12.363442       9.875687      12.655252      12.990314      15.526600      17.974503      18.558958      16.947521      14.528890      12.654245      15.218972      15.377979      14.200070      15.479712      13.784976      16.041939      15.984755      14.306242      12.472626       9.144080       9.258520       8.151564       8.738425       9.148889       9.532670       8.774626      10.615456      13.469346      15.573288      15.294673      14.855098      14.400613      11.486910       9.459380      11.681222      10.429228      10.398898      14.017336      16.068316      18.494825      21.024557
      29.261091      29.190634      25.607697      23.068867      19.296740      18.766588      15.864009      14.708532      16.463211      15.984171      16.237877      12.747160       9.604821       5.955365       3.785678       0.000000       3.785580       6.968330       8.020865       6.051814       3.973732       6.063632       8.312890      10.737490      14.138436      15.704957      18.524948      21.837620      22.090902      20.534340      18.495962      16.985331      13.965461      12.341165       9.077792      11.042729      10.373749      12.619637      14.942121      16.091425      14.701695      12.929778      11.373488      14.597351      15.591854      15.186311      17.221151      16.228546      18.953402      19.291201      17.862368      15.733446      12.233195      11.367639       9.021191       8.827658       7.656662       7.042404       5.485562       6.855804       9.916633      11.833306      11.818549      11.557662      10.813286       7.986688       6.730792       9.584454       9.565494      10.537529      14.091254      16.810871      19.101164      21.862276
      32.899181      32.740894      29.105062      26.647024      22.880720      22.490404      19.618965      18.475393      20.090334      19.354439      19.396055      15.968974      12.599487       9.272674       6.101096       3.785580       0.000000       3.784196       5.470712       5.508833       5.916957       8.172087      11.218362      13.276379      16.937136      18.314610      21.441282      24.602816      25.080528      23.528299      21.799866      20.348856      17.499928      15.759116      12.517498      14.262979      12.918338      14.755067      16.768742      18.562681      17.200417      15.778814      13.938579      17.282238      18.664316      18.052961      20.146549      18.955063      21.531645      21.826677      19.889568      17.665998      13.992555      13.078283      10.661071      11.390999       9.645924       7.565322       4.689050       6.235034       8.058465      10.981308      11.399454      12.347864      11.622307       9.360137       9.494126      12.548160      13.135640      14.308936      17.815054      20.529850      22.668747      25.546221
      34.889797      34.578800      30.853708      28.535854      24.822756      24.856499      22.287989      21.461128      23.412279      22.901716      23.039183      19.533472      16.282412      12.818334       9.739636       6.968330       3.784196       0.000000       3.784728       5.827707       8.026047      10.942846      14.310843      16.684681      20.339928      21.949263      25.009331      28.098288      28.377956      26.556387      24.775326      22.970947      20.066759      17.824291      14.526486      15.768409      13.702605      15.186624      16.571987      18.976591      17.627600      16.759371      14.908782      18.408100      20.415440      20.074923      22.567133      21.714806      24.494217      25.111830      23.146160      20.632454      16.868460      15.387946      12.497778      13.227038      10.630567       7.411136       4.004141       5.218503       5.126396       8.633604       9.246853      11.271174      10.790820       9.624780      10.937570      14.249725      15.579239      16.980810      20.231447      23.120785      24.943850      28.039045
      34.980995      34.281944      30.558073      28.616533      24.994162      25.343613      22.984621      21.740164      23.716026      23.550941      23.172209      19.511589      16.600254      13.287261       9.975555       8.020865       5.470712       3.784728       0.000000       3.785036       7.226882       9.724462      13.443787      15.894423      19.518524      21.532196      24.504356      27.268534      27.332277      25.218739      23.759470      21.907240      19.414978      17.275242      14.499475      16.319502      14.757747      16.933952      17.848511      19.958525      17.934093      16.565529      13.996102      17.112522      19.165356      18.407721      20.900175      20.067276      22.855017      23.850666      21.782175      18.892365      15.127090      13.196529      10.306462      11.775267       9.439791       6.275280       4.756097       7.802098       7.486987      10.529857       9.774852      11.748755      12.439383      11.770994      12.355062      15.996840      16.798773      17.419363      20.453514      22.945545      24.333660      27.647570
      31.396744      30.632278      26.932272      25.061594      21.469540      21.891905      19.665487      18.317509      20.456121      20.664377      20.279142      16.529915      13.993511      10.617637       7.834373       6.051814       5.508833       5.827707       3.785036       0.000000       3.784547       6.608737      10.190235      13.091940      16.519625      18.886204      21.561907      24.340059      24.105474      21.834206      20.193810      18.188046      15.687074      13.550208      10.969169      13.144061      12.180527      14.935376      15.904447      17.447701      15.110807      13.261437      10.495517      13.529083      15.415150      14.705387      17.290392      16.697176      19.712650      20.937017      19.269886      16.248537      12.506916      10.224468       6.950001       8.004244       5.823028       3.472945       3.878447       7.644926       8.812590      10.950343       9.486267      10.223990      11.279198      10.346230       9.904167      13.592013      13.906792      14.055860      16.929203      19.282726      20.571997      23.914625
      28.345028      27.775198      24.140911      22.080784      18.427311      18.511028      16.100382      14.593496      16.675722      16.945503      16.671022      12.914726      10.533654       7.112171       5.130859       3.973732       5.916957       8.026047       7.226882       3.784547       0.000000       3.785079       6.824674      10.005369      13.290023      15.677513      18.190351      21.150887      20.891907      18.773026      16.884718      14.995584      12.310989      10.477073       7.839337      10.518446      10.382050      13.454382      14.976595      15.842374      13.590806      11.235003       8.719539      11.673608      12.904007      12.214523      14.582496      13.927191      16.990559      18.039028      16.737597      13.958177      10.339589       8.427639       5.390046       5.478940       4.399942       4.614050       5.408206       8.327863      10.812476      12.419151      11.159401      10.671737      11.269992       9.466884       7.733731      11.068324      10.642302      10.460642      13.504339      15.809978      17.426624      20.585539
      28.132353      27.497080      24.048712      22.132172      18.604229      18.341238      15.765255      13.450555      14.893136      15.078862      14.078026      10.345840       8.313605       5.894197       4.342020       6.063632       8.172087      10.942846       9.724462       6.608737       3.785079       0.000000       3.785039       6.532789       9.915823      12.394553      14.987587      17.736778      17.649431      15.682678      14.275798      13.015750      10.984664      10.317398       8.692793      12.130316      12.996824      16.243490      17.963610      18.242573      15.848696      12.872181      10.156351      12.170718      12.359982      10.694225      12.236599      10.842711      13.570808      14.448207      12.976993      10.214750       6.596862       5.317813       3.861899       5.251627       6.671803       8.057623       9.042695      11.908987      14.410631      16.192059      14.878771      14.188605      14.839327      12.740849      10.342982      13.032310      11.510061      10.314612      13.304040      14.841493      16.504534      19.455616
      25.486036      24.976513      21.729776      19.788010      16.408516      15.753729      13.124777      10.296588      11.393263      11.847818      10.629971       6.904582       5.909822       4.888568       5.884154       8.312890      11.218362      14.310843      13.443787      10.190235       6.824674       3.785039       0.000000       3.784578       6.517463       9.315776      11.485733      14.352097      14.129372      12.323101      10.736653       9.888553       8.107593       8.593285       7.935343      11.603652      13.469486      16.747248      18.695414      18.232456      15.967754      12.648423      10.465853      11.686422      10.753239       8.884192       9.646125       8.015433      10.675379      11.379607      10.601628       8.289259       5.560338       5.458655       5.783841       5.758531       8.528492      10.947604      12.142651      14.491342      17.441095      18.818628      17.526947      16.151180      16.626160      14.258544      11.117276      12.883847      10.367409       8.221091      10.927371      11.856880      13.763973      16.365524
      26.965008      26.620651      23.669006      21.730583      18.566355      17.344334      14.474275      11.144593      10.936998      10.664454       8.474493       5.300534       4.837194       6.184072       7.365127      10.737490      13.276379      16.684681      15.894423      13.091940      10.005369       6.532789       3.784578       0.000000       3.785146       5.913335       8.663921      11.439831      12.008232      11.029339      10.311738      10.830040       9.989500      11.559965      11.313218      14.837793      16.849127      19.905741      22.141304      21.551449      19.493013      16.163103      14.151677      14.998310      13.439751      11.057799      10.516382       7.696896       9.033397       8.621259       7.363692       6.041206       4.420097       6.764907       8.666107       9.407845      12.254190      14.396511      15.156422      17.412762      20.339632      22.041828      21.011463      19.804407      20.024969      17.343620      14.244623      15.563059      12.682284      10.481749      13.030525      13.269713      15.399937      17.391306
      25.269751      24.936644      22.349421      20.633110      17.896225      16.434498      13.878649      10.167873       9.115112       9.314368       6.323866       4.387547       6.498716       8.948051      10.947355      14.138436      16.937136      20.339928      19.518524      16.519625      13.290023       9.915823       6.517463       3.785146       0.000000       3.784343       5.223152       7.864816       8.263600       7.725006       7.428495       9.096063       9.358947      12.031168      12.798767      16.157026      18.774706      21.819006      24.005976      22.857178      20.841675      17.370813      15.718414      15.770479      13.368232      10.868557       9.146618       6.074076       6.372903       5.409430       5.659240       5.635931       6.382212       8.857583      11.299888      11.495426      14.803720      17.451628      18.542782      20.670870      23.752319      25.168312      23.992020      22.383083      22.679285      20.043642      16.632492      17.366755      14.002894      11.174017      12.831018      12.028853      14.007344      15.392161
      27.061283      27.138880      24.773714      22.800253      20.146191      18.085537      15.193999      11.637475       9.472117       8.323660       4.786255       4.848335       6.735406      10.178024      12.260971      15.704957      18.314610      21.949263      21.532196      18.886204      15.677513      12.394553       9.315776       5.913335       3.784343       0.000000       3.785055       6.752374       8.768945       9.785910       9.931843      12.228222      12.397553      15.118248      15.501855      18.587366      21.052750      23.741499      26.312834      25.220648      23.597187      20.333300      18.964344      19.278654      16.870924      14.587204      12.708779       9.602143       8.811727       6.128535       5.963377       7.825986       8.929661      12.034236      14.443460      14.786356      17.795774      20.106159      20.629438      22.435280      25.589935      27.215313      26.467216      24.995354      24.836393      21.836222      18.563036      18.898279      15.501791      13.191400      15.031423      14.283961      16.709097      17.482647
      24.943251      25.020561      23.053593      21.354828      19.203440      17.060232      14.696852      11.109390       8.389232       8.157600       4.514213       6.249170       9.434554      12.791841      15.341094      18.524948      21.441282      25.009331      24.504356      21.561907      18.190351      14.987587      11.485733       8.663921       5.223152       3.785055       0.000000       3.784842       5.548956       7.500916       7.952934      11.062464      12.087145      15.417830      16.587149      19.448463      22.378902      25.073311      27.484400      25.898405      24.298052      20.983480      19.943960      19.619900      16.660950      14.539255      12.000794       9.387004       7.919328       5.117755       7.146973       9.328747      11.265810      13.964798      16.481064      16.319643      19.613277      22.369539      23.286398      25.037247      28.322998      29.606350      28.646246      26.783220      26.770802      23.927067      20.406841      20.339443      16.679348      13.909870      14.825495      13.191295      15.303962      15.415103
      26.361734      26.193441      24.586918      23.356764      21.615358      19.681234      17.768826      14.207869      11.504213      11.626633       8.151998       9.938927      13.032480      16.286478      18.543327      21.837620      24.602816      28.098288      27.268534      24.340059      21.150887      17.736778      14.352097      11.439831       7.864816       6.752374       3.784842       0.000000       3.785393       6.996382       9.007154      12.627422      14.539248      18.075039      19.679689      22.629770      25.692268      28.526783      30.753391      29.034672      27.233852      23.785583      22.565210      21.779383      18.578314      16.130861      12.968650      10.344880       7.593796       4.454237       7.264507      10.084304      12.974397      15.747395      18.727545      18.865158      22.380209      25.237566      26.397198      28.396441      31.566063      32.905514      31.726233      29.877926      30.128082      27.425608      23.875355      23.926558      20.246540      17.256382      17.770994      15.592662      17.063555      16.869299
      23.619484      23.106087      21.606232      20.789560      19.361841      17.873507      16.581579      13.097547      11.022174      12.352936       9.360429      10.515398      13.972142      16.727320      19.131954      22.090902      25.080528      28.377956      27.332277      24.105474      20.891907      17.649431      14.129372      12.008232       8.263600       8.768945       5.548956       3.785393       0.000000       3.784378       6.199828       9.952926      12.569811      16.260281      18.489786      21.334696      24.657892      27.641773      29.506195      27.504753      25.514557      22.011446      20.885860      19.551273      16.094658      13.780032      10.324778       8.523549       6.013961       4.920817       8.677216      10.326354      13.162024      15.171533      17.996172      17.712231      21.372755      24.574543      26.216822      28.304514      31.472305      32.472984      30.954098      28.828051      29.410778      27.046751      23.365166      23.425146      19.731720      16.347244      16.181038      13.474989      14.269929      14.038610
      22.342382      21.354113      19.540154      19.002077      17.465799      16.645369      15.664692      12.195811      11.225174      13.264652      10.587738      10.455265      13.673573      15.704228      17.882597      20.534340      23.528299      26.556387      25.218739      21.834206      18.773026      15.682678      12.323101      11.029339       7.725006       9.785910       7.500916       6.996382       3.784378       0.000000       3.784001       7.015384      10.112466      13.639524      16.214428      19.171700      22.510859      25.735035      27.230820      25.252802      22.921412      19.303205      17.938639      16.285088      12.832973      10.311863       6.687188       5.447598       3.871768       5.472870       8.872813       9.042902      11.503311      12.705009      15.370987      14.955265      18.694363      22.056303      24.106075      26.402073      29.423296      30.259853      28.415199      26.241728      27.207603      25.198166      21.531902      21.945906      18.422249      14.790319      14.431004      11.720791      11.875468      12.422897
      19.292925      18.498320      16.380861      15.493260      13.751195      12.919678      12.030939       8.709199       8.433452      11.163301       9.378206       8.773334      12.049184      13.682838      16.294981      18.495962      21.799866      24.775326      23.759470      20.193810      16.884718      14.275798      10.736653      10.311738       7.428495       9.931843       7.952934       9.007154       6.199828       3.784001       0.000000       3.785486       6.673559      10.374281      13.106903      15.762577      19.248669      22.349270      23.846346      21.698603      19.553257      16.056623      15.168847      13.602828      10.044198       8.323248       5.455343       5.537281       6.350464       7.841964      10.778260      10.345167      11.687715      12.288280      14.153852      12.884691      16.439127      19.961006      22.014191      23.979080      27.166605      27.668316      25.907244      23.446522      24.260349      22.295740      18.556366      18.671469      15.147382      11.443269      10.717784       7.940595       8.410253       9.187107
      17.703415      16.598118      13.967640      13.131450      11.106037      11.124718      10.685232       7.927993       9.312282      12.436849      11.461175       9.843210      12.415455      13.000982      15.454881      16.985331      20.348856      22.970947      21.907240      18.188046      14.995584      13.015750       9.888553      10.830040       9.096063      12.228222      11.062464      12.627422       9.952926       7.015384       3.785486       0.000000       3.785183       7.106697      10.343523      12.828106      16.353321      19.580168      20.690907      18.495293      16.114500      12.591465      11.791218       9.935891       6.303607       5.293637       3.917307       6.053624       8.602329      10.836649      13.103745      11.652732      11.952161      11.403614      12.377223      10.386911      13.729776      17.428949      19.827074      21.745495      24.838440      24.989941      22.994356      20.337021      21.424263      19.865641      16.190010      16.491049      13.300536       9.523144       8.349084       5.898260       5.633239       7.826926
      17.581526      16.897989      13.762648      12.110516       9.206543       9.136533       8.100422       5.724283       8.344548      11.237253      11.124804       8.773602      10.533209      10.346492      12.965579      13.965461      17.499928      20.066759      19.414978      15.687074      12.310989      10.984664       8.107593       9.989500       9.358947      12.397553      12.087145      14.539248      12.569811      10.112466       6.673559       3.785183       0.000000       3.784669       6.721890       9.165854      12.687702      15.867183      17.188093      15.149129      12.949034       9.481721       9.051858       8.153178       5.307381       5.620909       6.454711       7.953526      11.038252      12.745445      14.324126      12.616199      11.830240      10.931388      10.894472       8.151255      11.010166      14.639080      16.796385      18.365501      21.598057      21.599073      19.842415      17.082773      17.865986      16.200584      12.498059      12.717410       9.626635       5.895765       5.127223       4.364130       5.665542       8.491750
      18.127317      17.357229      13.799649      12.008972       8.659100       9.525623       8.719076       7.686290      11.050485      13.565513      13.970243      11.116935      11.757583      10.299769      12.363442      12.341165      15.759116      17.824291      17.275242      13.550208      10.477073      10.317398       8.593285      11.559965      12.031168      15.118248      15.417830      18.075039      16.260281      13.639524      10.374281       7.106697       3.784669       0.000000       3.785015       5.985413       9.352674      12.737383      13.683017      11.866472       9.343410       5.756524       5.528938       5.387242       4.326051       6.214484       8.789618      10.554541      14.058721      15.944511      16.971727      14.730882      13.064566      11.272520       9.941922       6.386764       8.243985      11.846859      14.213178      15.597385      18.690706      18.317913      16.410027      13.466054      14.461004      13.256754       9.768498      10.413514       8.185582       5.273084       4.895348       6.348361       7.165164      10.543404
      20.600599      20.234510      16.594484      14.298571      10.609949      10.983690       9.293827       8.742640      12.028602      13.661950      14.451651      11.221120      10.641667       8.183115       9.875687       9.077792      12.517498      14.526486      14.499475      10.969169       7.839337       8.692793       7.935343      11.313218      12.798767      15.501855      16.587149      19.679689      18.489786      16.214428      13.106903      10.343523       6.721890       3.785015       0.000000       3.785280       6.369400       9.868085      11.359328      10.374088       8.219075       5.195464       4.988768       7.198071       7.708477       9.054817      11.725654      12.644190      16.097172      17.494963      17.851011      15.573471      13.157280      11.393457       9.235587       5.723827       6.162504       9.182236      10.948595      11.968035      15.234840      14.963643      13.489450      10.732896      11.178348       9.582779       6.033240       7.239958       5.665833       4.321400       6.125873       8.980247      10.640821      13.695308
      19.265781      19.214842      15.542967      12.930941       9.289098      10.033042       8.982920       9.966593      13.576468      15.285220      16.829260      13.992219      13.405194      10.912077      12.655252      11.042729      14.262979      15.768409      16.319502      13.144061      10.518446      12.130316      11.603652      14.837793      16.157026      18.587366      19.448463      22.629770      21.334696      19.171700      15.762577      12.828106       9.165854       5.985413       3.785280       0.000000       3.785179       6.784827       8.179391       6.738256       5.383811       3.936071       6.248809       8.492315       9.588463      11.946491      14.734553      16.081366      19.497534      20.841179      21.417875      19.296124      16.922613      15.123579      12.696062       9.135753       8.441406      10.714739      12.102120      12.066549      15.291654      14.159029      12.997979       9.673171       9.601856       8.504072       5.519829       5.429647       5.331432       5.765064       6.390590       9.898730      11.454011      14.178696
