       0.000000       3.822957       5.566957       6.096499       8.882236       8.705642       9.690170      10.689911      13.840791      16.786243      20.394258      23.847366      27.132610      30.031418      32.462524      34.831242      37.063450      35.247921      36.578041      33.272709      33.158848      29.605642      29.552256      30.020067      29.578629      25.875492      25.393393      27.376041      26.356726      22.591909      23.014414      24.845741      22.226439      19.648558      17.667337      16.882885      17.171194      20.305502      23.133307      24.086514      27.850988      29.267736      32.912743      33.501896      31.821850      28.611832      26.666250      23.080412      20.019493      16.669355      15.901299      12.864222      13.466113      12.875752      13.559255      17.337360      17.881491      16.477970      18.740593      21.577818      20.854719      21.156296      24.331631      25.352745      25.760614      27.664375      29.503670      31.452518      33.329662      34.959011      35.889160      38.129345      37.166740      35.450203      31.728115      32.694801      30.074276      26.329985      24.095158      20.385834      18.693832      15.461245      12.823720       9.106102       6.551359       4.357636       5.218256       9.007070      11.966971      12.793881      16.371105      19.693859      20.014105      20.639414      23.220819      25.777889      26.544209      24.971952
       3.822957       0.000000       3.845674       5.239322       6.878336       7.864706       8.298097      10.203990      12.688834      15.956785      19.321842      22.829781      26.061846      28.881002      31.601557      33.931747      36.459251      34.852566      36.106815      32.695995      32.797699      29.179354      29.566965      30.081070      29.160070      25.523081      25.532688      27.334629      25.806499      22.170904      23.032042      24.412172      21.375608      19.298586      17.490723      17.391590      17.821114      20.918137      23.446938      24.502850      28.187618      29.497942      33.110344      33.262665      31.477388      28.089365      26.292681      22.751646      20.076979      16.755997      15.543774      12.834711      12.996831      11.906511      11.514253      15.272109      16.420198      14.809082      16.427221      19.637348      19.304537      19.121572      22.109837      23.617476      24.288733      25.768515      27.669987      29.924688      32.064812      34.022369      35.339600      37.523117      36.316612      34.268604      30.560663      31.305311      28.413101      24.729984      22.264021      18.485464      16.859377      13.973550      10.855662       7.554528       4.683685       5.134725       7.200459      10.905728      13.454732      14.920892      18.132063      21.330273      20.985600      21.138855      24.034435      26.583977      27.303497      26.076376
       5.566957       3.845674       0.000000       3.846153       6.519778       8.765865      10.483874      13.071933      15.700462      19.205454      22.405741      26.032860      29.078230      32.044212      34.723015      37.212936      39.729382      37.993923      39.011425      35.487797      35.343655      31.641535      31.875650      31.994705      30.996744      27.496548      27.270861      28.653856      27.045040      23.540676      23.982845      25.001419      22.037691      19.776537      18.653187      18.983494      20.070887      23.461065      26.239836      27.632294      31.349491      32.889824      36.559322      36.692837      34.722443      31.413132      29.411242      25.984377      23.198853      19.689455      17.996881      14.910057      14.176756      12.140947      11.834796      15.267511      16.947062      16.138145      17.491060      20.563934      20.837839      20.968616      23.563507      25.260172      26.416740      27.904070      29.434696      31.935307      33.890381      36.033218      37.366028      39.797432      38.778915      36.736549      33.116108      34.057854      31.179474      27.495749      25.191908      21.381638      20.123007      17.512457      14.144152      11.138227       7.789513       7.766660       8.108749      11.478314      14.563935      16.551998      19.848227      22.712212      22.365318      22.969311      26.075569      28.947908      30.045549      28.996052
       6.096499       5.239322       3.846153       0.000000       3.851260       5.518088       8.236121      11.053737      13.993491      17.619583      20.668722      24.417408      27.212885      30.437468      32.858208      35.615925      37.939533      35.928936      36.673290      33.079578      32.621254      28.883638      28.883108      28.726528      27.801607      24.378691      23.914860      25.123604      23.621895      20.140440      20.327356      21.359074      18.561619      16.088968      15.133833      15.608950      17.130423      20.712173      23.701254      25.487331      29.210958      31.110481      34.862484      35.046032      32.805317      29.707535      27.353453      24.106541      21.123508      17.437605      15.351215      11.978769      10.782546       8.624784       9.107980      12.522979      13.769677      13.373519      15.184258      17.847383      18.066008      18.766241      21.313999      22.670876      23.940836      25.769808      26.989742      29.405375      31.067064      33.138672      34.311691      36.928940      36.170769      34.322746      30.781176      32.078430      29.448317      25.712215      23.845690      20.058079      19.358215      16.996675      13.519686      10.739748       6.941427       6.357633       5.672346       8.350857      11.253254      13.749862      16.806480      19.383881      18.873964      19.678804      22.900528      25.986198      27.422113      26.653677
       8.882236       6.878336       6.519778       3.851260       0.000000       3.830130       6.139275       9.718071      11.977337      15.769365      18.373554      22.149433      24.685513      27.951107      30.434433      33.285252      35.725803      33.763069      34.294025      30.606485      30.195623      26.424919      26.730942      26.534159      25.201401      21.906935      21.851244      22.849394      20.915508      17.606773      18.215712      18.838223      15.689413      13.773877      12.979125      14.190268      15.908381      19.392191      22.112850      24.149158      27.736649      29.705099      33.425705      33.256435      30.798550      27.711403      25.322386      22.286240      19.613565      15.994564      13.360965      10.401620       8.587776       5.978570       5.391799       8.877240      10.450444      10.002330      11.434032      14.208128      14.729589      15.301536      17.635118      19.212017      20.752518      22.386326      23.488724      26.095358      27.841927      30.143333      31.581934      34.197025      33.342667      31.318678      27.857332      29.147614      26.463831      22.799381      21.062462      17.332521      17.155293      15.421018      11.720550       9.895968       6.359702       7.410594       7.693407       9.563755      11.361114      14.330740      16.744164      19.052418      17.800598      18.095333      21.571188      24.643801      26.136795      25.827482
       8.705642       7.864706       8.765865       5.518088       3.830130       0.000000       3.792308       6.735473       9.561993      13.183816      15.907860      19.701099      22.222876      25.630379      27.836336      30.793821      32.984661      30.815569      31.359159      27.722765      27.158215      23.407749      23.446676      23.322048      22.321472      18.877439      18.579456      19.906147      18.356508      14.792423      15.358845      16.593786      13.698811      11.437596       9.920212      10.571632      12.163079      15.718664      18.615223      20.725193      24.360422      26.501987      30.272608      30.335697      27.844374      24.919270      22.321548      19.299114      16.343889      12.619009      10.060860       6.758713       5.412948       4.296441       5.569811       9.137642       9.205916       8.366965      10.967188      13.264486      12.897112      13.961207      16.724487      17.596622      18.678236      20.808218      21.959566      24.157314      25.716497      27.672104      28.804703      31.414942      30.714052      28.969893      25.464895      26.980513      24.583090      20.832390      19.408911      15.752600      15.711658      13.861259      10.538054       8.686363       5.575491       5.634057       5.795636       6.824141       7.849625      10.773700      12.994002      15.401562      14.228781      14.520358      17.890459      20.956169      22.485065      22.138840
       9.690170       8.298097      10.483874       8.236121       6.139275       3.792308       0.000000       3.788799       5.947344       9.688931      12.480577      16.257875      18.978657      22.232109      24.645487      27.437723      29.800085      27.867065      28.643478      25.059826      24.911198      21.209156      21.705276      22.124437      20.945770      17.365301      17.705439      19.476763      17.749889      14.156151      15.600286      16.999214      13.851621      12.351089      10.009965      10.406757      10.990018      14.044344      16.414753      18.190546      21.755104      23.597361      27.303354      27.157934      24.790667      21.668604      19.345518      16.195141      13.570037      10.058260       7.777744       5.525052       5.783563       6.371295       6.208994       9.689092       9.409043       7.035659       9.585990      12.272857      11.243358      11.539935      14.766980      15.668526      16.253717      18.160448      19.827549      21.898388      23.850548      25.767252      27.103006      29.380289      28.314051      26.371279      22.741831      23.921349      21.350191      17.580584      15.873267      12.159918      11.926433      10.151793       6.885855       5.743248       4.098353       5.842243       7.929552       9.255340       9.325138      11.461737      13.248641      15.934808      14.478501      13.815036      17.011223      19.607166      20.619587      20.253458
      10.689911      10.203990      13.071933      11.053737       9.718071       6.735473       3.788799       0.000000       3.783081       6.830124      10.113111      13.755875      16.720884      19.915997      22.145767      24.845736      27.019127      25.044703      26.104193      22.689806      22.669323      19.100306      19.497076      20.385143      19.625057      15.863999      16.199253      18.611151      17.380667      13.674479      15.339860      17.422087      14.683303      13.219826      10.016477       9.197533       8.496523      11.115602      13.357503      14.754328      18.401234      20.147789      23.879351      23.996237      21.814074      18.715475      16.430706      13.074012      10.197024       6.705266       5.571041       4.208871       6.851029       9.069167       9.588086      12.635351      11.414950       8.570677      11.557915      13.742270      11.663365      11.935447      15.570937      15.765218      15.456581      17.662167      19.672247      21.153982      23.094324      24.536411      25.584705      27.607800      26.497467      24.788952      21.067745      22.201551      19.862852      16.081875      14.471593      10.992115      10.416650       8.263274       6.203225       5.297519       5.760078       6.427255       8.847101       9.706055       8.868134       9.827432      11.250568      14.278807      13.133842      12.037600      14.712284      16.881901      17.471725      16.783176
      13.840791      12.688834      15.700462      13.993491      11.977337       9.561993       5.947344       3.783081       0.000000       3.808346       6.742796      10.436733      13.453182      16.524607      19.034361      21.641556      24.081173      22.381344      23.504671      20.089491      20.520300      17.034864      18.111469      19.434891      18.244884      14.603478      15.816886      18.310986      16.708097      13.354022      15.849473      17.641411      14.716865      14.223688      10.987824      10.641959       9.395232      11.001586      12.225890      13.394316      16.724266      18.176851      21.770395      21.396694      19.178312      15.881514      13.895733      10.617480       8.632184       6.016552       5.169120       6.298071       8.694809      11.027896      10.580118      12.984167      11.697444       8.113075      10.385052      12.566213      10.104939       9.424934      13.223494      13.471756      12.737888      14.537063      16.980665      18.399307      20.742371      22.276646      23.679743      25.377914      23.869522      21.854643      18.083246      18.856792      16.300571      12.538764      10.708226       7.230470       6.920470       5.726482       4.498589       6.134134       8.030866       9.818274      12.546382      13.375567      12.116678      12.955806      13.603073      16.270237      14.563719      12.515306      14.989763      16.601479      16.730885      16.428570
      16.786243      15.956785      19.205454      17.619583      15.769365      13.183816       9.688931       6.830124       3.808346       0.000000       3.797815       7.080035      10.422620      13.287683      15.717487      18.160160      20.534571      18.952322      20.409142      17.221415      18.060144      14.879089      16.229757      18.220562      17.254509      13.727210      15.335840      18.283657      17.025621      14.006699      16.829632      18.904636      16.390564      16.282660      12.788119      11.862335       9.530178       9.740298       9.887462      10.326519      13.418122      14.540729      18.060869      17.652676      15.610118      12.218420      10.516715       7.060127       5.752747       4.826945       6.070296       8.656754      11.595387      14.429172      14.154738      16.158358      14.422277      10.839755      12.891369      14.480698      11.383449      10.420849      14.139572      13.730131      11.937324      13.699303      16.542301      17.256449      19.691978      20.751841      22.019512      23.255568      21.513945      19.619003      15.817803      16.313089      13.988942      10.404427       8.742117       6.191656       5.774582       5.379229       6.670308       8.807197      11.429938      12.848650      15.567048      16.101381      14.328685      14.373191      14.336258      16.847698      15.236089      12.560534      14.211956      14.957540      14.333353      13.981716
      20.394258      19.321842      22.405741      20.668722      18.373554      15.907860      12.480577      10.113111       6.742796       3.797815       0.000000       3.801276       6.763712       9.826999      12.320260      14.958951      17.466637      15.964451      17.212997      13.962339      15.138580      12.127666      14.179612      16.474571      15.111813      12.002937      14.419549      17.228149      15.775760      13.427517      16.752913      18.493494      16.158398      16.878288      13.651615      13.193172      10.945159      10.212796       9.149038       9.672146      11.979207      13.058369      16.318958      15.281642      12.878431       9.545952       7.897867       5.292731       5.967738       6.734849       7.589921      11.010204      13.444106      16.335550      15.801304      17.024033      15.032861      11.557149      12.975115      13.882327      10.541247       9.165790      12.449630      11.581343       9.082472      10.575496      13.643771      13.970290      16.607269      17.614542      19.149416      20.087982      18.059629      15.968228      12.170707      12.520403      10.259333       6.725660       5.768726       4.658369       6.077154       7.771519       9.396031      12.206921      14.712542      16.375122      18.917488      19.115515      16.938541      17.139435      16.413948      18.302189      16.184654      12.910864      14.238908      14.437181      13.596389      14.067330
      23.847366      22.829781      26.032860      24.417408      22.149433      19.701099      16.257875      13.755875      10.436733       7.080035       3.801276       0.000000       3.803222       6.212874       8.842539      11.210580      13.855227      12.741091      14.378922      11.537478      13.515905      11.245914      13.840784      16.754993      15.499548      12.993344      15.789442      18.671299      17.466406      15.722497      19.149967      20.863974      18.882423      19.949203      16.804871      16.184866      13.601640      11.901181       9.627700       9.160224      10.322195      10.657321      13.442890      11.880988       9.648424       6.144436       5.613573       4.303615       7.231833       9.513206      11.005344      14.586826      17.084475      20.056170      19.481194      20.454281      18.381409      15.041283      16.103916      16.634304      13.275654      11.684964      14.357402      13.117065       9.867897      10.734533      14.019273      13.513027      16.242184      16.740353      18.257662      18.475159      16.010706      13.933320      10.317451       9.928020       8.039391       5.485745       5.357714       6.674556       7.906321      10.153246      12.561341      15.498510      18.294146      19.920355      22.517204      22.648191      20.303175      20.144321      19.057014      20.694971      18.657934      15.130569      15.689423      14.968303      13.353011      14.019989
      27.132610      26.061846      29.078230      27.212885      24.685513      22.222876      18.978657      16.720884      13.453182      10.422620       6.763712       3.803222       0.000000       3.821898       5.822491       8.866735      11.375078      10.129812      11.181113       8.254193      10.611928       8.882618      12.124323      15.155531      13.634459      11.957412      15.227298      17.758574      16.574837      15.658244      19.198868      20.585264      19.009256      20.646379      17.879234      17.582600      15.280475      13.136628      10.269143      10.193321      10.222495      10.754692      12.943083      10.732744       7.833173       5.415773       4.931136       6.238125       9.514920      12.036320      13.079515      16.854311      18.952948      21.945528      21.397444      21.754589      19.436180      16.501154      17.226555      16.991350      13.691710      12.311462      14.144091      12.288845       8.585913       9.151574      12.100351      10.774015      13.389496      13.578789      15.250978      15.082592      12.361594      10.203534       6.724188       6.309715       5.388961       4.221504       6.486556       8.986134      11.125134      13.771496      15.873475      18.912180      21.442194      23.064501      25.400803      25.163361      22.498253      22.485498      20.884457      21.919989      19.557970      15.817225      16.029987      14.895254      13.354535      14.901657
      30.031418      28.881002      32.044212      30.437468      27.951107      25.630379      22.232109      19.915997      16.524607      13.287683       9.826999       6.212874       3.821898       0.000000       3.809291       5.559469       8.779641       8.799466      10.509300       8.726729      12.020004      11.389294      14.739515      18.016647      16.613640      15.409264      18.692204      21.172247      20.070627      19.399529      22.930246      24.241358      22.708036      24.449984      21.695938      21.317677      18.831064      16.456936      13.280550      12.358944      11.479203      10.823498      11.972781       8.921508       6.945696       5.045265       6.942881       8.743506      12.461092      15.320761      16.696976      20.429932      22.635113      25.554094      24.794167      25.170647      23.050756      20.027796      20.445780      20.332458      17.237087      15.467004      16.980701      15.386396      11.766078      11.406770      14.401063      12.725286      15.393847      15.249308      16.949083      15.917817      12.668800      10.473319       7.940668       5.741097       5.415718       6.449977       8.107608      11.351383      12.924198      15.752276      18.337101      21.515617      24.362097      26.118938      28.679779      28.645472      26.074856      25.860800      24.308586      25.409042      23.205786      19.467150      19.359406      17.758966      15.675526      17.012175
      32.462524      31.601557      34.723015      32.858208      30.434433      27.836336      24.645487      22.145767      19.034361      15.717487      12.320260       8.842539       5.822491       3.809291       0.000000       3.827349       5.691134       5.150660       6.812407       5.817465       9.497148       9.988809      13.145304      16.613209      15.677924      15.121167      18.224340      20.650335      20.089266      19.887499      23.177940      24.603441      23.642490      25.431032      22.775148      22.181087      19.630295      16.735699      13.159791      12.173742      10.243076       9.702340      10.139881       6.957973       4.468691       5.087278       6.813890       9.905888      13.557798      16.774641      18.312763      22.115927      24.346861      27.500935      27.132408      27.328932      24.829620      22.126467      22.810419      22.184296      18.943947      17.787245      19.055490      16.831242      13.055087      13.182030      15.467505      12.956519      14.826078      13.763550      14.859909      13.257654      10.116986       8.890462       7.269863       5.812994       7.662552       9.149475      11.556323      14.580247      16.306925      18.856163      21.374166      24.324492      27.016226      28.426533      30.690809      30.248724      27.355625      26.912663      24.887396      25.532766      23.422703      19.690790      18.936043      16.751507      14.486663      16.262552
      34.831242      33.931747      37.212936      35.615925      33.285252      30.793821      27.437723      24.845736      21.641556      18.160160      14.958951      11.210580       8.866735       5.559469       3.827349       0.000000       3.825676       5.983318       8.531828       9.009001      12.768909      13.713675      16.699898      20.246296      19.442579      18.932367      21.964895      24.451448      23.910898      23.654686      26.955050      28.409782      27.353018      29.101978      26.344263      25.623310      22.868986      19.920216      16.296272      14.647833      12.375775      10.681975       9.930569       6.131753       5.941936       6.828339       9.793819      12.473813      16.276060      19.643064      21.482000      25.238605      27.641806      30.752275      30.212120      30.562231      28.252230      25.364071      25.897949      25.532345      22.379744      20.872150      22.134247      20.223633      16.521818      16.153406      18.622038      16.179073      18.152924      17.020485      18.077017      15.946372      12.667707      11.563551      10.642279       8.278763       9.832482      11.841541      13.578601      16.838320      18.030064      20.574282      23.473188      26.478968      29.459839      30.965075      33.460396      33.261318      30.511248      29.868704      28.001245      28.843609      26.934896      23.238955      22.355141      19.953531      17.285814      18.603037
      37.063450      36.459251      39.729382      37.939533      35.725803      32.984661      29.800085      27.019127      24.081173      20.534571      17.466637      13.855227      11.375078       8.779641       5.691134       3.825676       0.000000       3.827101       6.618104       8.615712      12.044095      13.898350      16.339144      19.919912      19.688486      19.614038      22.302973      24.770283      24.761971      24.779036      27.789539      29.412668      28.824638      30.493490      27.776375      26.794876      23.962399      20.651533      16.864510      15.097900      12.065431      10.393508       8.649659       5.325317       5.738903       8.463180      10.943679      14.122515      17.691877      21.262028      23.284891      27.030144      29.508064      32.818199      32.636372      32.932686      30.322788      27.656590      28.479301      27.795525      24.504688      23.472668      24.683737      22.345051      18.582323      18.668264      20.670900      17.764734      19.036350      17.162666      17.485683      14.907227      12.128784      12.194265      12.007044      10.496138      12.861263      14.771144      16.874317      19.928848      21.174622      23.443586      26.312119      29.087368      31.958788      33.130245      35.376312      34.854515      31.874771      30.969980      28.755537      29.252438      27.549328      23.965279      22.512932      19.636961      16.806974      18.290134
      35.247921      34.852566      37.993923      35.928936      33.763069      30.815569      27.867065      25.044703      22.381344      18.952322      15.964451      12.741091      10.129812       8.799466       5.150660       5.983318       3.827101       0.000000       3.865048       5.602767       8.618475      10.612323      12.689630      16.297453      16.409746      16.402958      18.841732      21.342600      21.661919      21.743277      24.536663      26.308826      26.018341      27.563150      24.903961      23.810848      21.063631      17.617153      13.819963      12.443782       9.253372       8.630579       7.741453       5.443464       3.747599       7.363946       8.620267      12.189967      15.401331      18.930189      20.873423      24.577488      26.998543      30.435665      30.601015      30.837175      27.954971      25.532320      26.684505      25.732258      22.303305      21.809370      23.108747      20.385756      16.612116      17.397350      19.069635      16.025696      16.840572      14.655974      14.491059      12.276925      10.043192      10.735987      10.261326       9.993368      12.593434      13.860822      16.364782      19.012072      20.539837      22.582502      25.152628      27.706408      30.296438      31.189182      33.124619      32.272507      29.101088      28.182312      25.704189      25.914228      24.223213      20.714104      19.034889      16.056677      13.396309      15.303545
      36.578041      36.106815      39.011425      36.673290      34.294025      31.359159      28.643478      26.104193      23.504671      20.409142      17.212997      14.378922      11.181113      10.509300       6.812407       8.531828       6.618104       3.865048       0.000000       3.839010       6.155478       9.117577      11.178055      14.341444      14.294831      15.132217      17.624424      19.570463      19.947834      20.682831      23.349524      24.767071      24.853420      26.727432      24.493074      23.766701      21.488583      18.148060      14.528992      14.114875      11.179387      11.655020      11.217882       9.293658       6.895049      10.065768      10.191045      13.961451      16.837547      20.033524      21.413616      25.100376      27.096289      30.449041      30.688280      30.472267      27.446285      25.445637      26.447762      24.966995      21.736820      21.605810      22.376612      19.328751      15.788901      16.640608      17.572838      14.137897      14.249502      11.581978      11.171652       8.559258       6.589302       8.262070       8.842454       9.502137      12.804351      14.317995      17.444853      20.086714      22.198452      24.444857      26.603024      29.207897      31.469229      32.371723      34.036381      32.878002      29.523989      28.921516      26.158432      25.865904      23.853510      20.382357      18.718403      15.887212      13.974195      16.643709
      33.272709      32.695995      35.487797      33.079578      30.606485      27.722765      25.059826      22.689806      20.089491      17.221415      13.962339      11.537478       8.254193       8.726729       5.817465       9.009001       8.615712       5.602767       3.839010       0.000000       3.794141       5.643528       8.458375      11.690997      11.137280      11.604362      14.422688      16.429285      16.477528      17.045197      19.903151      21.265188      21.138271      23.053349      20.833000      20.321154      18.234791      15.146818      11.689209      11.953765       9.839568      11.129326      11.940741      10.080381       6.593125       8.554677       7.609718      11.252382      13.929645      16.829977      17.869476      21.566133      23.404608      26.693110      26.895720      26.635567      23.614382      21.634953      22.653912      21.160843      17.901592      17.870708      18.723942      15.621441      12.053622      13.248736      14.229961      11.000278      11.401136       9.249356       9.408454       7.966259       5.799319       6.443307       5.710044       7.367727      10.269071      11.160063      14.463641      16.827850      19.212593      21.480574      23.336926      25.948427      28.034294      29.013676      30.636843      29.489798      26.170492      25.849514      23.185184      22.976854      20.688980      17.097839      15.880107      13.535062      12.079326      14.973212
      33.158848      32.797699      35.343655      32.621254      30.195623      27.158215      24.911198      22.669323      20.520300      18.060144      15.138580      13.515905      10.611928      12.020004       9.497148      12.768909      12.044095       8.618475       6.155478       3.794141       0.000000       3.784032       5.446008       8.275923       8.247988       9.437177      11.758809      13.448112      14.055810      15.061966      17.465363      18.848005      19.319197      21.169870      19.267445      18.779621      17.096348      14.077394      11.069359      12.260759      10.528685      12.834672      14.044251      13.001423       9.482542      11.303442       9.244334      12.511268      14.295961      16.755327      17.423286      20.871479      22.421877      25.739281      26.363115      25.887674      22.573013      21.117033      22.424839      20.476088      17.276253      18.047750      18.751200      15.240239      12.101079      14.067470      14.231027      10.995790      10.258440       7.500353       6.462948       6.056649       5.879337       7.686566       7.260476      10.154571      12.818600      13.073871      16.481426      18.263937      20.861971      22.832787      24.235079      26.531151      28.182823      28.837605      30.007076      28.419762      24.892729      24.661066      21.650909      20.875740      18.524254      15.175618      13.694309      11.445838      10.878521      14.351153
      29.605642      29.179354      31.641535      28.883638      26.424919      23.407749      21.209156      19.100306      17.034864      14.879089      12.127666      11.245914       8.882618      11.389294       9.988809      13.713675      13.898350      10.612323       9.117577       5.643528       3.784032       0.000000       3.827597       6.719791       5.981822       6.016694       8.841498      10.898844      11.084480      11.581645      14.279377      15.781045      15.891686      17.650442      15.612434      15.266109      13.735333      11.065347       8.437168      10.461869       9.925406      12.722268      14.856228      13.935914      10.157849      10.687016       7.715362      10.211979      11.465095      13.461460      13.772197      17.202236      18.665977      21.967451      22.598661      22.210201      18.881466      17.374367      18.843214      17.003756      13.664626      14.636086      15.647089      12.138616       9.031821      11.654528      11.999125       9.440578       9.245545       7.727004       7.604933       8.727640       8.291569       8.625683       6.642725       9.955451      11.603362      10.849451      14.061298      15.286736      17.994802      19.819147      20.891302      23.100828      24.574926      25.263952      26.409811      24.876402      21.413315      21.436766      18.602886      18.047377      15.428535      11.897811      11.041875       9.558373       9.582072      12.969429
      29.552256      29.566965      31.875650      28.883108      26.730942      23.446676      21.705276      19.497076      18.111469      16.229757      14.179612      13.840784      12.124323      14.739515      13.145304      16.699898      16.339144      12.689630      11.178055       8.458375       5.446008       3.827597       0.000000       3.830261       5.438208       5.630995       6.707772       9.004116      10.483873      10.985673      12.785933      14.810762      15.664718      16.870584      14.938360      14.105694      12.724924       9.937032       7.948364      10.461195      10.133262      13.554386      15.814227      15.766400      12.247653      13.057878       9.758284      11.769120      12.018656      13.679788      14.050726      17.027254      18.478653      21.917633      23.178116      22.889545      19.273222      18.221319      20.243809      18.250753      14.932183      16.674187      17.860653      14.250997      11.706455      14.830998      14.774184      12.499208      11.502965       9.623196       8.082790       9.921139      10.785945      11.980222      10.429090      13.758521      15.348071      14.228151      17.124479      17.777700      20.231367      21.487469      22.316811      23.997694      25.126131      25.258488      25.912081      23.909201      20.232523      19.996660      16.743742      15.599702      13.289371      10.205048       8.481656       6.747281       7.742790      11.478841
      30.020067      30.081070      31.994705      28.726528      26.534159      23.322048      22.124437      20.385143      19.434891      18.220562      16.474571      16.754993      15.155531      18.016647      16.613209      20.246296      19.919912      16.297453      14.341444      11.690997       8.275923       6.719791       3.830261       0.000000       3.834240       5.311140       4.959607       5.891655       8.177855       9.525928      10.505570      12.213984      13.862052      15.117225      13.949140      13.593444      13.222126      11.266211      10.461157      13.555675      13.712509      17.264208      19.583899      19.588764      16.043949      16.718981      13.288341      14.854148      14.467702      15.295702      14.869533      17.293180      18.053196      21.221359      22.774115      22.073229      18.332468      18.055498      20.089069      17.601820      14.748803      17.191853      17.942614      14.249969      12.625031      15.943965      15.053046      13.163712      11.338328       9.758411       7.848503      10.840152      12.577953      13.868828      12.692463      16.346222      17.809593      16.535713      19.432974      19.697155      22.379341      23.520838      23.786612      25.226095      25.809677      25.771839      25.933857      23.541304      19.808960      19.997522      16.592064      14.729420      12.125036       9.701644       8.379630       7.951912      10.319521      13.923035
      29.578629      29.160070      30.996744      27.801607      25.201401      22.321472      20.945770      19.625057      18.244884      17.254509      15.111813      15.499548      13.634459      16.613640      15.677924      19.442579      19.688486      16.409746      14.294831      11.137280       8.247988       5.981822       5.438208       3.834240       0.000000       3.814892       5.725531       5.727426       6.034078       8.079808      10.048622      10.808598      11.887753      13.996724      13.119196      13.688195      13.687008      12.228528      11.344029      14.553450      14.917577      18.182829      20.567072      19.897102      16.131153      16.365454      13.053850      14.563114      14.544655      15.143906      14.093289      16.717808      17.051630      19.924847      20.936411      19.825176      16.269081      15.989152      17.444921      14.701798      12.086099      14.347292      14.587412      10.817994       9.486274      12.623763      11.343369       9.653906       7.857207       7.210589       6.776386      10.103994      11.226055      11.674836      10.397336      14.159463      15.359981      14.161419      17.221228      17.616484      20.710197      22.300825      22.377893      24.206078      24.788961      25.272692      25.699806      23.622231      20.087978      20.855419      17.854305      16.411917      13.209879      10.402312      10.364265      10.550739      12.547482      16.032770
      25.875492      25.523081      27.496548      24.378691      21.906935      18.877439      17.365301      15.863999      14.603478      13.727210      12.002937      12.993344      11.957412      15.409264      15.121167      18.932367      19.614038      16.402958      15.132217      11.604362       9.437177       6.016694       5.630995       5.311140       3.814892       0.000000       3.846908       5.812246       5.653327       5.644209       8.314145       9.957178      10.182755      11.734926      10.060591      10.308099      10.044740       8.823293       8.418099      11.947154      13.152411      16.487337      19.387751      18.938683      15.255953      14.724038      11.114018      11.772429      11.175786      11.402477      10.311576      13.025057      13.709620      16.852089      17.952829      17.366146      13.745610      12.995953      14.957864      12.775465       9.609152      11.960793      13.089018       9.593028       8.044066      11.729050      11.359780      10.437744       9.965676      10.047158      10.132453      12.933898      13.270980      13.059533      10.700664      14.106091      14.512870      12.470261      14.970281      14.784428      17.612293      18.858562      18.851845      20.511314      21.129969      21.553053      22.109962      20.197144      16.702032      17.421656      14.643101      13.756926      10.494813       7.206088       7.829342       8.655143      10.676802      13.691556
      25.393393      25.532688      27.270861      23.914860      21.851244      18.579456      17.705439      16.199253      15.816886      15.335840      14.419549      15.789442      15.227298      18.692204      18.224340      21.964895      22.302973      18.841732      17.624424      14.422688      11.758809       8.841498       6.707772       4.959607       5.725531       3.846908       0.000000       3.827493       5.846452       5.388692       6.186057       8.835932      10.050661      10.576568       9.117499       8.740263       9.023364       8.221472       9.022433      12.766244      14.276708      17.935440      20.950203      21.135235      17.639767      17.268335      13.503055      13.774302      12.273340      11.955108      10.871177      12.736334      13.292260      16.484047      18.358839      17.959736      14.143242      14.014545      16.571764      14.423030      11.552752      14.522206      15.837307      12.592748      11.627352      15.385152      14.829407      14.100659      13.135068      12.874040      12.063869      15.155970      16.178152      16.516407      14.373869      17.797812      18.244301      16.014633      18.180412      17.498108      19.942873      20.561724      20.263124      21.270662      21.434147      21.205948      21.140476      18.678879      14.983217      15.532475      12.346444      10.692189       7.555713       5.095154       5.310301       7.181476      10.337185      13.145539
