       0.000000       3.825404       6.578413      10.113737      13.394737      16.612377      17.575796      18.026962      21.583988      23.703318      25.936628      28.257000      30.110455      29.777622      32.008236      34.695091      37.605145      39.708664      39.812195      43.445423      44.776684      48.174004      49.557262      52.239517      53.876019      57.164337      60.080940      60.309334      57.188084      54.619411      52.452217      49.536316      47.173302      45.587776      43.096863      42.681087      40.310787      40.342636      42.971378      44.920494      48.555771      48.305859      47.069290      49.880733      52.309093      50.119888      50.198822      53.969574      54.370094      51.812714      54.292419      57.196220      56.460670      56.557613      60.162121      61.752983      64.909561      63.455410      65.078644      62.132145      59.908195      59.342972      56.257259      54.560707      52.748459      49.879787      46.527252      48.233257      50.187626      47.269993      47.390633      50.689877      51.820499      54.200115      56.585987      59.147038      62.515911      64.617035
       3.825404       0.000000       3.823692       6.810489       9.926478      13.124127      14.020642      14.286359      17.791374      20.026911      22.252632      24.691612      26.507444      26.229498      28.618938      31.169260      34.060772      36.283588      36.490486      40.167439      41.639057      45.079971      46.628593      49.357067      51.151501      54.487892      57.507427      57.823231      54.808334      52.138565      49.882645      46.845058      44.338383      42.570084      39.946850      39.346577      36.895756      36.775528      39.364819      41.407055      45.062965      44.728275      43.592258      46.474846      48.846390      46.674995      46.884396      50.653362      51.023041      48.570225      51.149818      53.969017      53.277424      53.516499      57.089134      58.790714      61.930019      60.561600      62.097328      59.069717      56.888760      56.307880      53.153732      51.561958      49.706097      46.940449      43.563690      45.158726      47.027306      44.055420      44.313698      47.612289      48.887920      51.198597      53.715443      56.262962      59.696732      61.839985
       6.578413       3.823692       0.000000       3.827218       7.002304      10.252234      11.844099      12.920646      16.240082      18.579512      21.264059      23.629335      24.946596      24.185968      26.641357      29.288279      31.921370      34.231724      34.735184      38.463993      40.156380      43.719727      45.439087      48.365002      50.155766      53.614822      56.622631      57.186115      54.189045      51.594532      49.116650      46.086777      43.391201      41.580799      38.770832      38.100712      35.397167      35.150017      37.491337      39.371239      43.085281      42.953453      41.995358      44.770447      47.292767      45.362823      45.556179      49.273750      49.868965      47.560791      50.106972      52.937611      52.506401      52.778362      56.253937      58.155670      61.157585      59.703758      61.031807      57.906048      55.583790      54.769455      51.508793      49.795284      47.723915      44.881802      41.385361      42.785824      44.843121      42.029072      42.495895      45.926456      47.388744      49.842400      52.449821      55.159168      58.568333      60.900681
      10.113737       6.810489       3.827218       0.000000       3.819596       6.533679       8.078696       9.547291      12.774573      15.020013      17.930443      20.195297      21.286200      20.397923      22.906513      25.528564      28.109837      30.457111      31.057898      34.809238      36.618698      40.226879      42.076214      45.076500      46.949749      50.461861      53.518764      54.207035      51.292133      48.668812      46.076458      42.989056      40.161690      38.247509      35.322758      34.557426      31.754150      31.440578      33.716339      35.573376      39.297909      39.195004      38.295540      41.058071      43.600815      41.750614      41.974209      45.669163      46.325695      44.105778      46.672112      49.468349      49.149662      49.486763      52.905457      54.922630      57.860847      56.421703      57.640343      54.453003      52.116665      51.239315      47.925735      46.247017      44.119278      41.332222      37.813358      39.129505      41.153385      38.335419      38.908455      42.357922      43.938347      46.382881      49.079113      51.818172      55.248596      57.652149
      13.394737       9.926478       7.002304       3.819596       0.000000       3.827433       6.635174       8.023786      10.423041      13.205301      16.132545      18.674185      19.399479      18.366776      21.274261      23.571371      25.888205      28.557129      29.538172      33.344769      35.477371      39.156570      41.302525      44.392620      46.472202      50.044876      53.207687      54.059334      51.312550      48.604172      45.879181      42.667347      39.626377      37.444523      34.288559      33.167000      30.148886      29.430170      31.453020      33.430626      37.209358      37.016060      36.435364      39.276821      41.743610      40.026077      40.504498      44.145714      44.800575      42.832523      45.542370      48.167896      47.976261      48.559956      51.879433      54.090061      56.957973      55.644764      56.675808      53.359402      51.066711      50.090992      46.653374      45.100315      42.818142      40.176086      36.590118      37.586117      39.570164      36.777618      37.689770      41.161125      43.027912      45.394035      48.291122      51.033970      54.523109      57.017071
      16.612377      13.124127      10.252234       6.533679       3.827433       0.000000       3.814016       6.347201       8.084652      10.376159      13.711441      15.861776      16.116972      14.742756      17.616871      19.975712      22.195864      24.832619      25.916315      29.722868      31.954227      35.674042      37.916710      41.098122      43.192963      46.815933      49.978470      50.978264      48.294434      45.621204      42.770706      39.562180      36.409191      34.195435      30.947104      29.807495      26.675482      25.963802      27.891899      29.740263      33.521816      33.459137      32.899136      35.653297      38.207203      36.622768      37.043259      40.641865      41.434887      39.540115      42.198799      44.831383      44.805386      45.385765      48.626984      50.949032      53.716278      52.359207      53.267895      49.910595      47.558117      46.482796      43.007751      41.431087      39.083248      36.457539      32.852501      33.783638      35.777962      33.024296      34.018513      37.522842      39.483406      41.887959      44.834305      47.639095      51.110394      53.694317
      17.575796      14.020642      11.844099       8.078696       6.635174       3.814016       0.000000       3.824470       6.121003       7.393342      10.861629      12.650637      13.290168      12.348906      14.974195      17.459660      20.119738      22.489500      23.146137      26.930674      28.925617      32.577599      34.680416      37.757629      39.854805      43.425777      46.612137      47.486187      44.794308      42.062775      39.302368      36.066528      32.997124      30.820656      27.689480      26.700085      23.769915      23.374723      25.658476      27.552580      31.267546      31.120436      30.239996      33.035400      35.549217      33.763885      34.064350      37.733070      38.426994      36.353062      38.986267      41.688763      41.525761      42.008980      45.327370      47.533627      50.376087      49.021461      50.071880      46.783173      44.494102      43.594749      40.209309      38.708988      36.579624      34.011494      30.532917      31.754198      33.529892      30.583132      31.305782      34.711796      36.495071      38.817253      41.695076      44.410580      47.907078      50.383362
      18.026962      14.286359      12.920646       9.547291       8.023786       6.347201       3.824470       0.000000       3.824130       5.855683       8.392887      10.977527      12.475960      12.613643      15.514835      17.397770      20.328218      22.842012      23.311626      27.061655      29.000795      32.527634      34.663464      37.525921      39.858479      43.315735      46.644588      47.315563      44.761639      41.808983      39.235439      35.831814      32.818424      30.403252      27.317839      26.054747      23.339434      22.753113      25.277878      27.608006      31.265574      30.658474      29.772377      32.852940      35.034878      32.954292      33.547642      37.269691      37.589176      35.517921      38.376369      40.902348      40.452461      41.143124      44.534290      46.644848      49.640907      48.539200      49.722633      46.444263      44.416935      43.792732      40.452961      39.282440      37.364594      35.080021      31.760683      32.999737      34.394283      31.205635      31.900684      35.097740      36.860981      38.869282      41.815540      44.285217      47.892570      50.177486
      21.583988      17.791374      16.240082      12.774573      10.423041       8.084652       6.121003       3.824130       0.000000       3.818294       5.981124       8.969895       9.965803      10.279709      13.659518      14.890965      17.583567      20.439657      21.265230      25.012701      27.273867      30.811558      33.257820      36.156712      38.724903      42.199039      45.631874      46.451416      44.123047      41.084717      38.413219      34.894314      31.686602      28.965973      25.663435      23.956997      21.061075      19.983543      22.290163      24.835726      28.511986      27.719654      27.152065      30.351543      32.387333      30.408100      31.309734      34.960537      35.228645      33.440880      36.460484      38.768436      38.433247      39.404854      42.672798      44.972073      47.888580      46.950752      47.945499      44.550972      42.617962      41.943008      38.506931      37.543465      35.537277      33.497105      30.198273      31.116953      32.338345      29.135096      30.165510      33.302692      35.347855      37.195980      40.343094      42.760418      46.420788      48.761356
      23.703318      20.026911      18.579512      15.020013      13.205301      10.376159       7.393342       5.855683       3.818294       0.000000       3.818159       5.544171       6.642909       7.428122      10.390235      11.759049      14.858057      17.345394      17.794521      21.518076      23.610888      27.126558      29.492172      32.382622      34.920578      38.394493      41.819454      42.642250      40.313679      37.286324      34.596691      31.084345      27.879223      25.203426      21.940168      20.402018      17.601389      16.907001      19.515894      21.942764      25.548094      24.838436      23.943954      27.084274      29.198526      27.146173      27.835304      31.530712      31.857258      29.924494      32.853924      35.277855      34.960831      35.793224      39.085457      41.358707      44.264572      43.247120      44.283627      40.926849      38.963764      38.344513      34.965595      33.999203      32.130299      30.114967      26.925997      28.069000      29.143995      25.832720      26.646734      29.732521      31.662434      33.508488      36.604916      39.021336      42.673817      45.003239
      25.936628      22.252632      21.264059      17.930443      16.132545      13.711441      10.861629       8.392887       5.981124       3.818159       0.000000       3.817480       6.287410       8.775657      11.444937      11.732608      14.942699      17.394711      17.572205      21.074266      23.063002      26.340979      28.747957      31.364218      34.163841      37.479515      41.036407      41.683037      39.572971      36.337173      33.845924      30.186037      27.052422      24.102795      20.933035      19.037149      16.594633      15.671937      18.523809      21.398693      24.810555      23.565554      22.663597      26.075996      27.760223      25.400909      26.436066      30.129333      30.035212      28.160683      31.323074      33.503494      32.908485      33.997326      37.315342      39.512615      42.538052      41.810738      42.942307      39.605400      37.950619      37.628372      34.335789      33.774170      32.173664      30.547298      27.633324      28.753393      29.341799      25.834938      26.612741      29.373766      31.278141      32.723198      35.881683      38.000629      41.741653      43.865875
      28.257000      24.691612      23.629335      20.195297      18.674185      15.861776      12.650637      10.977527       8.969895       5.544171       3.817480       0.000000       3.803810       7.117469       8.708127       8.933071      12.514002      14.398219      14.095734      17.531179      19.338364      22.605114      24.952736      27.601091      30.365278      33.707371      37.250134      37.954708      35.846210      32.645050      30.084822      26.435890      23.261744      20.345701      17.176788      15.469630      13.124250      12.731022      15.916537      18.565897      21.861927      20.775518      19.488544      22.792175      24.607174      22.214300      22.967585      26.707796      26.744509      24.715563      27.757526      30.091776      29.584692      30.501860      33.830421      36.042805      39.024075      38.174030      39.310238      35.995556      34.267921      33.959606      30.714256      30.125893      28.652248      27.056898      24.281700      25.614763      26.049669      22.461466      23.010614      25.717381      27.518410      28.986456      32.103550      34.258762      37.984970      40.140205
      30.110455      26.507444      24.946596      21.286200      19.399479      16.116972      13.290168      12.475960       9.965803       6.642909       6.287410       3.803810       0.000000       3.823295       5.607121       5.482600       8.904364      11.148194      11.555851      15.198060      17.555864      21.053061      23.754902      26.715631      29.473747      32.967331      36.465351      37.541908      35.516281      32.476704      29.610266      26.035885      22.576441      19.594305      16.064777      14.131595      11.098331      10.290866      13.043364      15.492186      19.005325      18.263617      17.310385      20.467716      22.576994      20.652445      21.390940      25.027987      25.478622      23.759842      26.714418      29.031586      28.999195      29.969860      33.080509      35.600574      38.325066      37.360500      38.155464      34.694893      32.761929      32.087765      28.651905      27.918983      26.097645      24.454578      21.493628      22.483675      23.109917      19.670424      20.663099      23.591766      25.767471      27.430733      30.715418      33.101997      36.774765      39.202553
      29.777622      26.229498      24.185968      20.397923      18.366776      14.742756      12.348906      12.613643      10.279709       7.428122       8.775657       7.117469       3.823295       0.000000       3.822447       5.238937       7.845196      10.345796      11.549733      15.349135      18.023981      21.745461      24.527822      27.804541      30.311983      33.960136      37.301937      38.674839      36.534317      33.754032      30.631708      27.256268      23.678194      20.964561      17.322330      15.681359      12.209188      11.420204      13.416224      15.214008      18.935244      18.870213      18.186398      20.932026      23.488005      22.101515      22.557840      26.054058      27.014021      25.442104      28.124771      30.571072      30.953480      31.754318      34.707554      37.392551      39.889927      38.671215      39.225327      35.711742      33.462391      32.370071      28.801552      27.659275      25.421469      23.416698      20.104145      20.873432      22.082529      18.976610      20.262554      23.555817      25.923460      27.995701      31.271078      33.978703      37.520706      40.216206
      32.008236      28.618938      26.641357      22.906513      21.274261      17.616871      14.974195      15.514835      13.659518      10.390235      11.444937       8.708127       5.607121       3.822447       0.000000       3.826030       6.578496       7.725229       8.315142      12.114542      14.599670      18.380569      21.053537      24.444349      26.787588      30.487867      33.747318      35.228245      33.046104      30.399939      27.164141      23.906937      20.301859      17.810801      14.220207      13.088450       9.689029       9.896744      12.032373      13.140972      16.677122      17.067863      15.879926      18.268761      21.123381      19.852432      19.792805      23.274818      24.528681      22.789314      25.179636      27.851393      28.412655      28.917568      31.831518      34.513630      36.906075      35.475655      36.013611      32.551479      30.135685      28.974825      25.452684      24.130043      21.963045      19.839752      16.582014      17.708727      18.884624      15.721710      16.700119      20.069317      22.313988      24.560240      27.742201      30.574469      34.049297      36.820740
      34.695091      31.169260      29.288279      25.528564      23.571371      19.975712      17.459660      17.397770      14.890965      11.759049      11.732608       8.933071       5.482600       5.238937       3.826030       0.000000       3.819711       5.692028       6.870625      10.518661      13.484921      17.103279      20.192652      23.440487      26.170427      29.764515      33.173512      34.697647      32.875103      30.068396      26.885498      23.481943      19.760818      16.778399      12.982426      10.935054       7.241792       6.382643       8.522038      10.304113      13.912110      13.778263      12.951114      15.732249      18.250837      16.959404      17.461361      20.891287      21.915640      20.550228      23.249058      25.557873      26.148525      27.083683      29.864449      32.719013      35.076771      33.957798      34.340446      30.758301      28.603794      27.545450      23.953550      23.129608      21.035582      19.513968      16.562790      17.213907      17.779079      14.446817      15.888886      18.930185      21.509933      23.308502      26.748405      29.347857      32.914455      35.628807
      37.605145      34.060772      31.921370      28.109837      25.888205      22.195864      20.119738      20.328218      17.583567      14.858057      14.942699      12.514002       8.904364       7.845196       6.578496       3.819711       0.000000       3.823447       6.948824       9.922083      13.492194      16.965282      20.394417      23.749186      26.473326      30.056078      33.366756      35.236626      33.656567      31.037846      27.694595      24.476461      20.663229      17.705853      13.910214      11.629970       7.850976       6.110305       6.333253       7.557727      11.361318      11.675033      11.685204      14.091526      16.740162      16.201330      16.863117      19.895418      21.287336      20.511477      23.066103      25.109827      26.194361      27.303471      29.710159      32.852119      34.878319      33.780117      33.736446      30.042921      27.812792      26.384260      22.646837      21.846872      19.373970      18.078707      15.120034      14.970900      15.579579      12.630591      14.891344      17.919153      20.975103      22.766241      26.349628      29.037996      32.474869      35.395184
      39.708664      36.283588      34.231724      30.457111      28.557129      24.832619      22.489500      22.842012      20.439657      17.345394      17.394711      14.398219      11.148194      10.345796       7.725229       5.692028       3.823447       0.000000       3.821221       6.340217       9.966297      13.449375      16.862846      20.328653      22.907825      26.520538      29.745945      31.750757      30.193993      27.729469      24.284668      21.230934      17.411869      14.696785      11.041295       9.339202       5.907836       5.843257       6.036194       5.629441       9.058998      10.139771       9.357917      11.186834      14.291971      13.969084      13.951305      16.932457      18.722342      17.804689      19.992945      22.267447      23.595013      24.386372      26.709074      29.865381      31.755480      30.441544      30.355101      26.700195      24.288048      22.772326      19.046247      18.098959      15.702104      14.414160      11.640599      11.839482      12.172536       8.987721      11.071162      14.161537      17.201473      19.135885      22.668505      25.481277      28.852367      31.860909
      39.812195      36.490486      34.735184      31.057898      29.538172      25.916315      23.146137      23.311626      21.265230      17.794521      17.572205      14.095734      11.555851      11.549733       8.315142       6.870625       6.948824       3.821221       0.000000       3.818849       6.769009      10.463766      13.631933      17.069805      19.662262      23.298801      26.608496      28.400368      26.723803      24.147284      20.764948      17.599205      13.783074      11.084606       7.416454       6.428688       3.667481       6.095749       7.750413       7.382099       9.844674      10.680657       8.512180      10.306108      13.403197      12.452236      11.783580      15.117639      16.777269      15.221095      17.306957      19.959579      21.011049      21.460846      24.049217      26.983541      29.073803      27.643339      27.907042      24.370543      21.970812      20.829395      17.295849      16.389771      14.612755      13.341218      11.026095      12.307225      12.094514       8.407487       9.183811      12.122886      14.644240      16.553936      19.962399      22.714500      26.194614      29.049442
      43.445423      40.167439      38.463993      34.809238      33.344769      29.722868      26.930674      27.061655      25.012701      21.518076      21.074266      17.531179      15.198060      15.349135      12.114542      10.518661       9.922083       6.340217       3.818849       0.000000       3.806442       7.110035      10.599517      14.029266      16.668915      20.224525      23.490513      25.500570      24.129072      21.696526      18.262106      15.320079      11.551178       9.029662       5.961711       5.677319       5.115390       7.797892       8.504995       6.968843       7.890697       9.203931       6.399144       7.117157      10.445048       9.938848       8.559065      11.629947      13.720734      12.340622      14.019785      16.678019      18.132227      18.457287      20.766333      23.845779      25.689665      24.202188      24.262499      20.694319      18.241440      17.049631      13.509727      12.846247      11.387619      10.798334       9.429130      10.732159       9.498759       5.692523       6.073765       8.501432      11.230388      12.933842      16.460493      19.198908      22.632629      25.569262
      44.776684      41.639057      40.156380      36.618698      35.477371      31.954227      28.925617      29.000795      27.273867      23.610888      23.063002      19.338364      17.555864      18.023981      14.599670      13.484921      13.492194       9.966297       6.769009       3.806442       0.000000       3.818186       6.912568      10.428986      12.981997      16.586742      19.889647      21.787457      20.338947      17.905394      14.457127      11.555550       7.820361       5.792597       3.972790       6.039093       7.449578      10.795138      11.946829      10.494050      10.508311      11.648611       8.196069       8.065568      10.908084      10.042192       7.449072      10.433496      12.524823      10.419294      11.468783      14.652420      15.959331      15.648812      18.116573      20.939152      22.862568      21.120617      21.504257      18.133022      15.604241      14.814066      11.677571      11.039439      10.609814      10.245170       9.899215      12.075853      10.391139       7.087684       5.192134       6.617127       8.304399       9.997817      13.284941      16.022095      19.510092      22.336163
      48.174004      45.079971      43.719727      40.226879      39.156570      35.674042      32.577599      32.527634      30.811558      27.126558      26.340979      22.605114      21.053061      21.745461      18.380569      17.103279      16.965282      13.449375      10.463766       7.110035       3.818186       0.000000       3.822770       7.012158       9.797263      13.195765      16.545773      18.532665      17.505537      15.155981      11.831639       9.275128       6.084207       4.983147       5.737569       8.072313      10.538815      13.633870      14.456394      12.829103      11.745290      12.724869       9.234571       8.033319      10.005972       9.344009       5.790146       7.922936      10.158231       7.959085       8.053906      11.441878      13.001379      12.299881      14.537638      17.375702      19.133789      17.323780      17.703640      14.384570      11.921226      11.554164       8.861318       8.977976       9.833731      10.571322      11.555694      13.605667      11.110252       8.679153       6.105675       5.034698       5.669827       6.396133       9.754771      12.267241      15.822413      18.586487
      49.557262      46.628593      45.439087      42.076214      41.302525      37.916710      34.680416      34.663464      33.257820      29.492172      28.747957      24.952736      23.754902      24.527822      21.053537      20.192652      20.394417      16.862846      13.631933      10.599517       6.912568       3.822770       0.000000       3.816098       6.107233       9.676320      13.032845      14.903878      13.701180      11.468395       8.052171       5.932652       3.755601       5.334121       7.960013      11.060102      13.793797      17.129799      18.216993      16.621662      15.461360      16.438072      12.935920      11.573314      13.055125      12.275638       8.578441       9.831174      11.687384       9.025661       7.792560      11.546091      12.773087      10.971510      13.250580      15.513305      17.275032      14.989157      15.859964      13.051961      10.513895      10.786054       9.208259       9.188219      11.130236      11.817200      13.413379      15.943014      13.587007      11.748460       8.457973       6.678956       4.728936       5.112173       7.262047       9.757738      13.242548      15.832334
      52.239517      49.357067      48.365002      45.076500      44.392620      41.098122      37.757629      37.525921      36.156712      32.382622      31.364218      27.601091      26.715631      27.804541      24.444349      23.440487      23.749186      20.328653      17.069805      14.029266      10.428986       7.012158       3.816098       0.000000       3.815036       6.539187      10.213912      11.694646      11.074815       8.661812       5.988181       4.689929       5.124476       7.264111      10.679881      13.532948      16.736349      19.936842      21.062021      19.675159      18.151484      18.711437      15.282477      13.858964      14.420365      13.456964       9.961246      10.319529      11.375829       8.675068       6.327412       9.875528      10.647637       8.010419      10.235651      12.011618      13.885232      11.567791      13.001502      10.659200       8.828297      10.395484      10.088834      10.992135      13.738379      14.981908      16.992334      19.364048      16.720188      15.172570      12.037216       9.576900       6.979853       5.312463       5.916441       7.044444      10.647055      12.654346
      53.876019      51.151501      50.155766      46.949749      46.472202      43.192963      39.854805      39.858479      38.724903      34.920578      34.163841      30.365278      29.473747      30.311983      26.787588      26.170427      26.473326      22.907825      19.662262      16.668915      12.981997       9.797263       6.107233       3.815036       0.000000       3.817210       7.015314       8.941093       7.985658       6.622146       3.774614       5.239728       7.170231      10.330562      13.689720      16.870819      19.817461      23.163950      24.224194      22.521202      20.968735      21.956446      18.607708      16.832743      17.643423      17.071056      13.451391      13.406604      14.781417      12.383991       9.577451      12.701973      13.609919      10.402562      11.876691      12.944966      14.217484      11.126967      12.657514      11.158992       8.990319      10.426075      11.027565      11.258728      14.377527      15.405540      17.816254      20.419863      18.038065      17.057472      13.584380      11.078153       7.557933       6.570578       4.889608       6.193968       8.877574      10.951592
      57.164337      54.487892      53.614822      50.461861      50.044876      46.815933      43.425777      43.315735      42.199039      38.394493      37.479515      33.707371      32.967331      33.960136      30.487867      29.764515      30.056078      26.520538      23.298801      20.224525      16.586742      13.195765       9.676320       6.539187       3.817210       0.000000       3.792430       5.491091       5.917880       5.498465       5.108694       7.776826      10.518909      13.518909      17.066168      20.060507      23.219995      26.455929      27.449799      25.795553      23.958979      24.757221      21.535677      19.641994      19.905542      19.383034      15.982591      15.305413      16.202772      14.149760      10.872686      13.183990      13.796901      10.147717      10.813623      10.934102      11.778546       8.398727      10.501449      10.131636       8.933890      11.277443      12.970548      13.757596      17.234606      18.642580      21.329781      23.753796      21.187534      20.470058      17.130192      14.282606      10.791117       8.979938       6.149644       5.147469       6.692888       7.736063
      60.080940      57.507427      56.622631      53.518764      53.207687      49.978470      46.612137      46.644588      45.631874      41.819454      41.036407      37.250134      36.465351      37.301937      33.747318      33.173512      33.366756      29.745945      26.608496      23.490513      19.889647      16.545773      13.032845      10.213912       7.015314       3.792430       0.000000       3.813518       5.299128       7.173808       7.765800      11.120337      13.989820      17.173880      20.652426      23.712894      26.760981      30.008825      30.859083      28.981277      27.007883      28.040052      24.946823      22.778486      23.059935      22.853148      19.428768      18.401581      19.452066      17.718493      14.249503      16.130768      16.903625      13.239804      13.125661      12.665415      12.598633       8.913171      10.728626      11.484361      10.478230      12.582702      14.975757      15.514719      19.114178      20.531834      23.501972      25.878359      23.428257      23.178068      19.814699      16.899641      13.269736      11.719243       8.189546       6.884817       6.149034       6.487533
      60.309334      57.823231      57.186115      54.207035      54.059334      50.978264      47.486187      47.315563      46.451416      42.642250      41.683037      37.954708      37.541908      38.674839      35.228245      34.697647      35.236626      31.750757      28.400368      25.500570      21.787457      18.532665      14.903878      11.694646       8.941093       5.491091       3.813518       0.000000       3.820229       5.809356       8.230678      11.562794      15.017159      18.193523      21.906206      24.987696      28.243456      31.555439      32.751469      31.225140      29.424465      30.097095      26.840744      25.066500      25.120407      24.418465      21.194967      20.431971      20.874308      18.828238      15.623809      17.369688      17.317999      13.511145      13.710980      12.264473      12.730411       9.602716      12.400194      13.565980      13.314410      15.902604      18.141090      18.863489      22.398300      23.663769      26.381311      28.943003      26.511694      25.882145      22.450155      19.706039      16.110941      14.425560      11.288684       9.487087       9.066104       7.898971
      57.188084      54.808334      54.189045      51.292133      51.312550      48.294434      44.794308      44.761639      44.123047      40.313679      39.572971      35.846210      35.516281      36.534317      33.046104      32.875103      33.656567      30.193993      26.723803      24.129072      20.338947      17.505537      13.701180      11.074815       7.985658       5.917880       5.299128       3.820229       0.000000       3.817185       6.007741       9.648654      13.223598      16.755285      20.388283      23.780493      26.825125      30.346643      31.806820      30.317974      28.921343      29.754904      26.300533      24.754101      25.316494      24.413799      21.017092      20.874361      21.573988      19.043358      16.200788      18.638662      18.546761      14.756968      15.773838      14.796940      15.822665      12.638260      15.284210      15.730822      14.718245      16.768274      18.397652      18.461393      21.685251      22.349720      24.745340      27.656988      25.613163      24.772638      21.128916      18.894712      15.195046      14.334630      11.525934      10.916508      11.263658      11.119417
      54.619411      52.138565      51.594532      48.668812      48.604172      45.621204      42.062775      41.808983      41.084717      37.286324      36.337173      32.645050      32.476704      33.754032      30.399939      30.068396      31.037846      27.729469      24.147284      21.696526      17.905394      15.155981      11.468395       8.661812       6.622146       5.498465       7.173808       5.809356       3.817185       0.000000       3.814021       6.592152      10.379800      13.666866      17.409864      20.698540      23.899702      27.390337      29.077724      27.928604      26.710030      27.194143      23.628685      22.491278      22.934063      21.598860      18.387110      18.653292      18.979860      16.112610      13.705291      16.351351      15.808167      12.141930      13.923346      13.156893      15.021408      12.292976      15.238313      15.023929      14.155052      16.439688      17.506929      17.858967      20.909529      21.566618      23.624565      26.557947      24.409487      23.067575      19.512587      17.438379      14.024675      12.971737      10.993498      10.446854      11.986806      12.032215
      52.452217      49.882645      49.116650      46.076458      45.879181      42.770706      39.302368      39.235439      38.413219      34.596691      33.845924      30.084822      29.610266      30.631708      27.164141      26.885498      27.694595      24.284668      20.764948      18.262106      14.457127      11.831639       8.052171       5.988181       3.774614       5.108694       7.765800       8.230678       6.007741       3.814021       0.000000       3.824255       7.223348      10.829041      14.400366      17.859858      20.834061      24.390882      25.957895      24.604418      23.492222      24.267710      20.690805      19.450426      20.343094      19.209221      15.755504      16.297831      17.194975      14.260881      11.984524      15.181951      15.250207      11.863528      13.902629      14.182536      15.974895      13.042493      15.312490      14.275571      12.573135      14.195755      14.675282      14.605844      17.417229      17.859091      19.824543      22.811829      20.790234      19.434597      15.810441      13.935485      10.530785      10.096627       8.636588       9.361633      11.593574      12.814407
      49.536316      46.845058      46.086777      42.989056      42.667347      39.562180      36.066528      35.831814      34.894314      31.084345      30.186037      26.435890      26.035885      27.256268      23.906937      23.481943      24.476461      21.230934      17.599205      15.320079      11.555550       9.275128       5.932652       4.689929       5.239728       7.776826      11.120337      11.562794       9.648654       6.592152       3.824255       0.000000       3.821263       7.225233      10.873749      14.310311      17.368471      20.933172      22.756136      21.751274      20.950472      21.420080      17.713537      17.003691      17.967138      16.371141      13.111735      14.383216      15.049412      11.702816      10.307651      13.846503      13.639962      10.845248      13.673505      14.512745      16.885489      14.510744      16.670258      14.898852      13.215126      14.681981      14.276515      14.343972      16.665291      16.950201      18.371750      21.347933      19.337006      17.379211      13.941683      12.522676       9.822105       9.552102       9.590185      10.695439      13.753732      15.199197
      47.173302      44.338383      43.391201      40.161690      39.626377      36.409191      32.997124      32.818424      31.686602      27.879223      27.052422      23.261744      22.576441      23.678194      20.301859      19.760818      20.663229      17.411869      13.783074      11.551178       7.820361       6.084207       3.755601       5.124476       7.170231      10.518909      13.989820      15.017159      13.223598      10.379800       7.223348       3.821263       0.000000       3.826922       7.196380      10.774898      13.648125      17.257574      19.080339      18.093994      17.570765      18.109070      14.358681      13.910208      15.327202      13.696215      10.452982      12.446504      13.478399      10.100977       9.610389      13.399992      13.603642      11.671368      14.658529      16.313593      18.677494      16.540730      18.123415      15.649158      13.579826      14.344609      12.955858      12.790168      14.429388      14.462710      15.396371      18.305971      16.404837      14.042943      10.789871       9.986063       8.214081       8.686852      10.149020      12.059099      15.501613      17.524630
      45.587776      42.570084      41.580799      38.247509      37.444523      34.195435      30.820656      30.403252      28.965973      25.203426      24.102795      20.345701      19.594305      20.964561      17.810801      16.778399      17.705853      14.696785      11.084606       9.029662       5.792597       4.983147       5.334121       7.264111      10.330562      13.518909      17.173880      18.193523      16.755285      13.666866      10.829041       7.225233       3.826922       0.000000       3.829588       7.085719      10.267384      13.746757      15.746403      15.231233      14.972972      15.001688      11.188281      11.509515      12.841028      10.681818       7.994792      10.867308      11.540798       8.116236       9.090121      12.618032      12.687330      11.837298      15.046153      17.170305      19.753227      18.205755      19.538378      16.608637      14.820559      15.441694      13.383037      13.626161      14.639623      14.781910      15.127790      17.622631      15.630683      12.670653      10.186810       9.911489       9.557991       9.808169      12.304018      14.068808      17.782850      19.828779
