       0.000000       3.812280       6.449004       8.532788      12.331026      15.329184      18.042812      21.124607      23.509897      23.695885      23.954494      25.762468      25.542662      28.565823      27.538887      25.932240      23.080423      22.512716      21.370127      22.436037      20.367985      21.772366      22.085052      19.925835      17.176983      13.572313      12.370383       9.028635       9.908207       9.850094      12.613985      13.926498      16.136736      18.993116      19.587057      21.411203      20.353998      16.557467      15.114927      12.831823      12.224117      14.787414      16.982975      17.477007      17.275257      15.314950      17.824196      18.830921      19.214037      21.127529      19.224266      22.125362      21.277922      17.687513      16.500919      13.226238      11.649837       9.113802
       3.812280       0.000000       3.824512       6.736919      10.318497      13.750073      15.926255      19.038649      21.151880      21.213869      21.059237      22.776077      22.298336      25.150381      24.083090      22.640381      19.606279      19.065853      18.267628      19.620691      17.866760      19.674984      20.167141      18.555466      15.701477      12.414408      10.339923       6.715004       6.541822       6.106122       8.840389      10.349197      12.647505      15.302305      16.075857      17.797567      16.620068      12.840499      11.389990       9.446301       9.520163      12.478161      15.269519      15.689101      14.789920      12.328441      14.498096      15.237517      15.781730      17.707249      15.898725      19.055176      18.488855      15.096674      14.436254      11.410562      10.846661       8.445656
       6.449004       3.824512       0.000000       3.825466       7.012156      10.653734      12.956409      15.734822      18.131649      18.687925      18.802691      21.010838      20.907375      23.783606      23.239334      22.384134      19.265656      18.099157      17.364754      18.285328      16.186497      17.631157      17.578808      15.995957      13.629167      10.420954       8.631003       5.890250       4.732401       6.218199       8.200663       8.340425      11.388503      13.789922      13.734075      15.327135      14.638594      10.864470      10.450013       8.650125       9.881507      12.208536      15.404252      16.571850      15.473530      12.968369      14.215094      14.096547      13.806087      15.115975      12.881956      15.751895      15.225778      11.680262      10.700054       7.611917       7.542656       5.409754
       8.532788       6.736919       3.825466       0.000000       3.803243       7.064476       9.679627      12.613656      15.116266      15.768008      16.465870      18.972200      19.507662      22.700861      22.662430      22.044521      19.301355      17.476269      16.132524      16.288860      13.616755      14.477015      14.146022      12.269221      10.041254       6.745131       5.718755       4.502872       4.890515       8.101802      10.376841      10.101047      13.712626      15.372556      14.816474      15.604321      14.788465      11.240415      11.052500       8.480277       9.498722      10.632163      13.595320      15.577297      14.978031      13.186066      14.041806      13.855197      12.727476      13.990617      12.067821      14.328888      12.982579       9.319387       8.386111       6.010416       5.204955       5.315064
      12.331026      10.318497       7.012156       3.803243       0.000000       3.800758       6.205100       8.852416      11.519717      12.634915      13.692842      16.659636      17.688099      20.865942      21.426636      21.403688      18.836231      16.387472      15.030392      14.569393      11.615320      11.953580      11.022655       9.451672       7.985808       5.677715       5.322079       6.477666       6.253316      10.023746      11.530682      10.387480      14.229142      15.115421      13.882467      13.970348      13.439523      10.443290      11.164797       8.978620      10.722034      10.853682      13.851597      16.397303      15.653285      14.113071      13.990996      13.062893      10.950623      11.535998       9.654960      11.204886       9.460985       5.755634       5.073656       4.379088       4.855151       6.948282
      15.329184      13.750073      10.653734       7.064476       3.800758       0.000000       3.837770       6.160605       9.087669      10.603468      12.637494      15.924103      17.742760      21.067900      22.202465      22.481142      20.392635      17.449240      15.613174      14.208817      10.728388       9.859924       8.072967       5.975299       5.708723       4.673832       6.349847       9.023087       9.627436      13.443588      14.996595      13.743937      17.575054      17.988092      16.429369      15.858724      15.364292      12.976116      13.840138      11.512644      12.846035      11.841874      14.163784      17.325947      17.081261      16.252928      15.783033      14.811933      12.036075      12.288850      10.999099      11.370365       8.630270       5.616669       5.214647       6.545254       6.323049       9.650569
      18.042812      15.926255      12.956409       9.679627       6.205100       3.837770       0.000000       3.818427       5.574888       6.830385       8.931679      12.380011      14.516041      17.780354      19.314148      19.995039      18.243231      14.923726      13.079074      11.216660       7.853854       6.844267       5.070147       4.952443       5.102236       6.408052       7.018053      10.352456      10.567476      14.162483      15.332372      14.122505      17.799206      17.390369      15.883835      14.440432      13.644538      12.042956      13.077701      11.185034      12.793322      11.122526      13.351435      16.586233      16.061991      15.530788      14.273015      12.951189       9.673050       9.746765       9.483853       9.320926       5.890996       4.418061       6.460370       9.029628       9.880083      12.893502
      21.124607      19.038649      15.734822      12.613656       8.852416       6.160605       3.818427       0.000000       3.830532       7.048825       9.668496      13.457984      15.967562      18.810633      20.903498      22.183170      20.520391      16.994909      15.560929      13.405653      10.401724       8.663104       5.606798       6.202862       8.205832       9.779715      10.792617      13.956160      13.706446      17.255211      17.853815      15.990066      19.465256      18.768684      16.612417      14.911326      14.884000      13.957002      15.747713      14.460495      16.439566      14.789599      16.914873      20.178036      19.518572      18.905836      17.209343      15.295138      11.623844      10.444677      10.006788       8.345474       4.909096       5.113643       6.650043      10.200727      11.488426      14.745778
      23.509897      21.151880      18.131649      15.116266      11.519717       9.087669       5.574888       3.830532       0.000000       3.819022       6.698874      10.398752      13.346820      16.044580      18.561586      20.166195      19.039164      15.291838      13.795537      11.154357       8.710457       6.821581       4.402570       7.216454       8.984389      11.593463      12.063242      15.468844      15.260858      18.494673      18.998135      17.481215      20.730988      19.396656      17.572647      15.131922      14.608865      14.445056      16.018923      14.994266      16.837765      14.661753      16.399584      19.586908      18.855576      18.686287      16.481159      14.544977      10.798734       9.704604      10.654692       8.732009       5.172931       7.286831       9.981093      13.458365      14.898048      17.972916
      23.695885      21.213869      18.687925      15.768008      12.634915      10.603468       6.830385       7.048825       3.819022       0.000000       3.810348       7.069584      10.360241      13.359026      15.838093      17.248116      16.639746      12.854618      10.873577       7.756506       5.710742       4.168693       4.255853       7.934368       8.526980      11.676906      11.539606      15.002469      15.143371      18.016747      18.803822      17.992840      21.136843      19.554661      18.426273      15.701202      14.276502      14.281178      15.099855      13.938294      15.283902      12.609675      13.861907      16.913589      16.284492      16.677723      14.358367      12.936527       9.574971       9.603100      11.647897      10.592756       7.269532       9.194573      12.440216      15.444278      16.691475      19.513348
      23.954494      21.059237      18.802691      16.465870      13.692842      12.637494       8.931679       9.668496       6.698874       3.810348       0.000000       3.828978       6.701874       9.619183      12.096345      13.769746      13.236709       9.415528       7.991313       5.420368       5.345111       6.325842       7.803829      11.169580      10.763200      13.429196      12.181083      15.086497      14.680191      16.917021      17.288336      16.783556      19.494827      17.433140      16.794453      13.720257      11.773212      12.438475      13.098405      12.662088      14.271201      11.928306      13.466252      15.844172      14.523423      14.742155      11.844329      10.163291       7.147722       7.541971      10.576450      10.155672       7.834415      10.070561      13.795472      16.483965      18.212805      20.485172
      25.762468      22.776077      21.010838      18.972200      16.659636      15.924103      12.380011      13.457984      10.398752       7.069584       3.828978       0.000000       3.825042       6.766084       9.327811      11.039697      11.457812       7.904506       6.474943       4.138091       6.518320       8.387203      10.871015      14.198464      13.278459      15.951453      14.273789      16.825891      16.544317      18.152653      18.542986      18.648441      20.966494      18.605057      18.633898      15.413010      12.852418      13.948252      13.904490      13.728604      14.836178      12.384585      13.310210      15.039846      13.611144      14.384762      11.287885      10.229720       8.442911       9.675773      13.208739      13.266318      11.460518      13.553863      17.321342      19.709211      21.367798      23.369837
      25.542662      22.298336      20.907375      19.507662      17.688099      17.742760      14.516041      15.967562      13.346820      10.360241       6.701874       3.825042       0.000000       3.818953       5.573678       7.446567       7.939206       4.738449       4.777616       5.121807       8.524300      11.387654      14.016783      17.016174      15.512808      17.579908      15.163531      16.964098      16.227552      17.048330      17.064787      17.609463      19.373192      16.755663      17.458006      14.303761      11.243622      12.748259      12.293666      12.877729      14.094952      12.371076      13.608736      14.403531      12.204224      12.621407       9.161654       8.165045       7.758666       9.554589      13.238162      14.096078      13.126947      14.911254      18.684433      20.606121      22.515276      23.957022
      28.565823      25.150381      23.783606      22.700861      20.865942      21.067900      17.780354      18.810633      16.044580      13.359026       9.619183       6.766084       3.818953       0.000000       3.833033       7.277148       8.352931       6.382169       8.043850       8.915273      12.294744      14.943536      17.313044      20.496601      19.210909      21.234919      18.719227      20.276148      19.123522      19.542034      18.969421      19.415464      20.570253      17.476492      18.336561      14.977272      12.181530      14.545916      14.398644      15.743026      17.207302      15.891424      17.151363      17.498598      14.994763      15.140786      11.525481      10.168792      10.281276      11.287536      15.027068      15.693861      15.449603      17.632586      21.413216      23.397434      25.633869      26.900957
      27.538887      24.083090      23.239334      22.662430      21.426636      22.202465      19.314148      20.903498      18.561586      15.838093      12.096345       9.327811       5.573678       3.833033       0.000000       3.849592       5.332015       5.194878       7.669777       9.974268      13.526182      16.760693      19.440598      22.234095      20.361223      21.888391      18.907511      19.799728      18.575842      18.267607      17.676710      18.772327      19.509329      16.554193      18.194441      15.312452      12.055028      14.141830      13.237292      14.865955      16.034472      15.317342      16.599920      16.126118      13.221861      13.196083       9.830796       9.228101      10.758765      12.554958      15.974133      17.455589      17.428728      18.986958      22.612909      24.038960      26.193077      26.980539
      25.932240      22.640381      22.384134      22.044521      21.403688      22.481142      19.995039      22.183170      20.166195      17.248116      13.769746      11.039697       7.446567       7.277148       3.849592       0.000000       3.838593       5.512624       7.163975      10.227306      13.709557      17.277939      20.332581      22.691931      20.267570      21.436079      18.224930      18.635834      17.787220      16.997082      16.913593      18.748240      19.481070      17.041258      19.220394      16.883759      13.254741      14.486687      12.584765      13.811242      14.216131      13.771129      14.708723      13.473623      10.523082      10.853336       8.228354       9.133878      11.582126      14.268545      17.341934      19.393274      19.080357      19.976219      23.409130      24.342962      26.126266      26.630610
      23.080423      19.606279      19.265656      19.301355      18.836231      20.392635      18.243231      20.520391      19.039164      16.639746      13.236709      11.457812       7.939206       8.352931       5.332015       3.838593       0.000000       3.826633       6.634318      10.276299      13.116929      16.839813      19.501614      21.544947      19.027712      19.673328      16.199623      16.176567      14.777514      13.723989      13.244334      15.079288      15.658381      13.302981      15.670480      13.682052       9.985688      11.018950       9.106295      10.959496      12.027927      12.387546      14.251358      13.175884       9.632401       8.633524       5.642969       6.001779       9.150443      11.878308      14.476113      17.003315      17.093191      17.595655      20.805586      21.425581      23.406250      23.587040
      22.512716      19.065853      18.099157      17.476269      16.387472      17.449240      14.923726      16.994909      15.291838      12.854618       9.415528       7.904506       4.738449       6.382169       5.194878       5.512624       3.826633       0.000000       3.822881       6.988993       9.776441      13.354407      15.885242      18.174807      15.983173      17.066624      13.901208      14.669820      13.410401      13.371569      13.123863      14.259026      15.608865      13.168902      14.672859      12.142847       8.491626       9.610890       8.417667       9.739454      11.223247      10.737354      12.774448      12.752536       9.621924       8.954707       5.215283       4.296612       6.090023       8.862929      11.922698      14.000832      13.683290      14.528722      17.991861      19.119370      21.134203      21.851870
      21.370127      18.267628      17.364754      16.132524      15.030392      15.613174      13.079074      15.560929      13.795537      10.873577       7.991313       6.474943       4.777616       8.043850       7.669777       7.163975       6.634318       3.822881       0.000000       3.806773       6.668654      10.395348      13.420497      15.557514      13.125449      14.529433      11.643874      12.950285      12.663438      13.256164      14.040333      15.311265      17.378145      15.518866      16.682014      14.307707      10.789015      10.884491       9.241443       8.970400       9.514333       7.904216       9.374011       9.914021       7.553861       8.118149       5.156784       5.822332       6.445693       9.814071      12.745064      14.580544      13.252584      13.786376      17.221214      18.415239      19.855894      20.966417
      22.436037      19.620691      18.285328      16.288860      14.569393      14.208817      11.216660      13.405653      11.154357       7.756506       5.420368       4.138091       5.121807       8.915273       9.974268      10.227306      10.276299       6.988993       3.806773       0.000000       3.837528       7.082798      10.350616      12.884681      10.955408      13.226250      11.191958      13.520385      13.790532      15.292225      16.371254      17.086109      19.648407      17.864494      18.320379      15.687066      12.660913      12.705482      11.731531      10.738276      11.137011       8.412936       9.213550      10.981906       9.800024      10.959335       8.499297       8.609849       7.466363      10.110596      13.121037      14.089067      11.946042      12.874665      16.397852      18.163050      19.350847      21.123310
      20.367985      17.866760      16.186497      13.616755      11.615320      10.728388       7.853854      10.401724       8.710457       5.710742       5.345111       6.518320       8.524300      12.294744      13.526182      13.709557      13.116929       9.776441       6.668654       3.837528       0.000000       3.824554       7.022695       9.126781       7.151201       9.697017       8.319655      11.355619      12.128969      14.449682      15.964836      16.298508      19.406326      18.166214      18.085123      15.810843      13.284194      12.517964      11.878818      10.003403      10.382127       7.276348       8.339621      11.211983      10.730206      11.643717       9.905391       9.849334       7.734857      10.010735      12.201748      12.937023      10.068370      10.383750      13.588251      15.419976      16.212759      18.376213
      21.772366      19.674984      17.631157      14.477015      11.953580       9.859924       6.844267       8.663104       6.821581       4.168693       6.325842       8.387203      11.387654      14.943536      16.760693      17.277939      16.839813      13.354407      10.395348       7.082798       3.824554       0.000000       3.796594       6.310540       5.709351       9.253062       9.426773      13.063014      14.204197      17.096756      18.707008      18.541826      21.915628      20.829552      20.165102      17.888624      15.947094      15.145772      15.038632      12.938018      13.278318      10.036135      10.533493      13.955626      14.134706      15.162975      13.652080      13.320135      10.605184      11.908643      13.667379      13.491752       9.981027      10.473041      13.263195      15.585492      15.990602      18.793444
      22.085052      20.167141      17.578808      14.146022      11.022655       8.072967       5.070147       5.606798       4.402570       4.255853       7.803829      10.871015      14.016783      17.313044      19.440598      20.332581      19.501614      15.885242      13.420497      10.350616       7.022695       3.796594       0.000000       3.823504       5.570864       8.965863      10.159172      13.934683      14.816126      18.174372      19.545616      18.689611      22.226313      21.325176      19.995314      17.882975      16.702738      15.821424      16.468222      14.487426      15.364366      12.589853      13.571488      17.131985      17.213123      17.708092      16.184181      15.236643      11.948397      12.207398      13.199085      12.252666       8.458196       8.949506      11.180269      13.994004      14.389251      17.644020
      19.925835      18.555466      15.995957      12.269221       9.451672       5.975299       4.952443       6.202862       7.216454       7.934368      11.169580      14.198464      17.016174      20.496601      22.234095      22.691931      21.544947      18.174807      15.557514      12.884681       9.126781       6.310540       3.823504       0.000000       3.811228       6.508001       8.995461      12.667312      14.118565      17.735519      19.551981      18.714161      22.473392      22.218500      20.824171      19.341919      18.339603      16.719767      17.188581      14.650992      15.171404      12.680423      13.625421      17.353148      17.872759      18.246832      17.443441      16.847002      13.796701      14.274049      14.405183      13.843814      10.149673       9.215103      10.225016      12.443127      11.932003      15.411536
      17.176983      15.701477      13.629167      10.041254       7.985808       5.708723       5.102236       8.205832       8.984389       8.526980      10.763200      13.278459      15.512808      19.210909      20.361223      20.267570      19.027712      15.983173      13.125449      10.955408       7.151201       5.709351       5.570864       3.811228       0.000000       3.792137       5.686107       9.411671      11.371309      14.763954      17.016724      16.823603      20.561516      20.485107      19.685930      18.410067      16.840343      14.810438      14.555470      11.581736      11.584496       9.040611      10.050487      13.725498      14.347636      14.813582      14.467674      14.479328      12.027699      13.455584      13.739575      14.189338      10.749736       9.179474      10.538046      11.908132      11.260218      14.167377
      13.572313      12.414408      10.420954       6.745131       5.677715       4.673832       6.408052       9.779715      11.593463      11.676906      13.429196      15.951453      17.579908      21.234919      21.888391      21.436079      19.673328      17.066624      14.529433      13.226250       9.697017       9.253062       8.965863       6.508001       3.792137       0.000000       3.817159       6.746657       9.124145      12.596496      15.182872      15.095058      18.886656      19.490931      18.789186      18.251192      16.865566      14.130751      13.701044      10.420614      10.316620       8.867524      10.484620      13.746599      14.293255      14.149796      14.529421      14.728893      12.752541      14.302399      13.741108      14.850914      11.954557       9.242817       9.544132       9.690367       8.337179      10.881546
      12.370383      10.339923       8.631003       5.718755       5.322079       6.349847       7.018053      10.792617      12.063242      11.539606      12.181083      14.273789      15.163531      18.719227      18.907511      18.224930      16.199623      13.901208      11.643874      11.191958       8.319655       9.426773      10.159172       8.995461       5.686107       3.817159       0.000000       3.818433       5.973034       9.199977      11.848779      12.286856      15.927690      16.403494      16.246252      15.729483      13.883896      10.992379      10.048075       6.630055       6.736971       5.860754       8.556472      11.264106      11.082621      10.472793      10.894163      11.279127       9.893358      12.080502      11.758260      13.694241      11.337880       8.688321       9.831473       9.642955       9.325675      10.863845
       9.028635       6.715004       5.890250       4.502872       6.477666       9.023087      10.352456      13.956160      15.468844      15.002469      15.086497      16.825891      16.964098      20.276148      19.799728      18.635834      16.176567      14.669820      12.950285      13.520385      11.355619      13.063014      13.934683      12.667312       9.411671       6.746657       3.818433       0.000000       3.803001       6.259601       9.556819      10.731590      14.084767      15.252975      15.649314      15.905385      14.032136      10.582499       8.975188       5.466057       5.177844       6.554322       9.558174      11.147599      10.615926       9.168846      10.606378      11.451371      11.145604      13.564628      12.755466      15.438608      13.839643      10.836024      11.388445       9.942078       9.529959       9.644044
       9.908207       6.541822       4.732401       4.890515       6.253316       9.627436      10.567476      13.706446      15.260858      15.143371      14.680191      16.544317      16.227552      19.123522      18.575842      17.787220      14.777514      13.410401      12.663438      13.790532      12.128969      14.204197      14.816126      14.118565      11.371309       9.124145       5.973034       3.803001       0.000000       3.817373       6.139614       6.935507      10.353611      11.561362      11.939795      12.533815      10.965545       7.268481       6.277504       4.055592       6.225929       8.401471      12.034268      13.197329      11.567878       9.026574       9.674877       9.523128       9.357588      11.307320       9.975345      13.150079      12.429147       9.490119      10.161760       8.584188       9.539532       9.036706
       9.850094       6.106122       6.218199       8.101802      10.023746      13.443588      14.162483      17.255211      18.494673      18.016747      16.917021      18.152653      17.048330      19.542034      18.267607      16.997082      13.723989      13.371569      13.256164      15.292225      14.449682      17.096756      18.174372      17.735519      14.763954      12.596496       9.199977       6.259601       3.817373       0.000000       3.841346       6.619547       8.878618      10.448981      11.964416      13.037251      11.142528       7.581376       5.418236       4.567808       6.247880       9.632355      13.117905      13.167716      10.970658       7.665448       9.011261       9.434713      10.691862      12.972430      11.893568      15.508045      15.372716      12.809552      13.604763      11.756866      12.801735      11.412286
      12.613985       8.840389       8.200663      10.376841      11.530682      14.996595      15.332372      17.853815      18.998135      18.803822      17.288336      18.542986      17.064787      18.969421      17.676710      16.913593      13.244334      13.123863      14.040333      16.371254      15.964836      18.707008      19.545616      19.551981      17.016724      15.182872      11.848779       9.556819       6.139614       3.841346       0.000000       3.814272       5.154369       6.788388       8.691962      10.280387       8.887976       5.687720       4.838224       6.563884       9.354615      12.418106      16.078947      16.051771      13.255417       9.588898       9.762149       8.960384      10.379898      11.871636      10.457219      14.267488      15.073729      12.954375      13.850429      12.230486      14.211053      12.636354
      13.926498      10.349197       8.340425      10.101047      10.387480      13.743937      14.122505      15.990066      17.481215      17.992840      16.783556      18.648441      17.609463      19.415464      18.772327      18.748240      15.079288      14.259026      15.311265      17.086109      16.298508      18.541826      18.689611      18.714161      16.823603      15.095058      12.286856      10.731590       6.935507       6.619547       3.814272       0.000000       3.852916       5.559554       5.748939       7.941003       7.924380       4.907707       6.607019       8.376667      11.774877      14.197522      18.012911      18.645279      15.975857      12.549722      11.938896      10.028256      10.214773      10.449008       8.017958      11.623590      12.993025      10.885534      11.387611       9.956746      12.677455      11.310026
      16.136736      12.647505      11.388503      13.712626      14.229142      17.575054      17.799206      19.465256      20.730988      21.136843      19.494827      20.966494      19.373192      20.570253      19.509329      19.481070      15.658381      15.608865      17.378145      19.648407      19.406326      21.915628      22.226313      22.473392      20.561516      18.886656      15.927690      14.084767      10.353611       8.878618       5.154369       3.852916       0.000000       3.822238       5.449072       8.496042       8.880976       7.114725       8.516221      11.170194      14.370300      17.122114      20.871838      20.968739      17.938267      14.250799      13.600079      11.668149      12.629902      12.670526      10.543771      14.019422      16.021116      14.375915      14.904490      13.453961      16.213917      14.405192
      18.993116      15.302305      13.789922      15.372556      15.115421      17.988092      17.390369      18.768684      19.396656      19.554661      17.433140      18.605057      16.755663      17.476492      16.554193      17.041258      13.302981      13.168902      15.518866      17.864494      18.166214      20.829552      21.325176      22.218500      20.485107      19.490931      16.403494      15.252975      11.561362      10.448981       6.788388       5.559554       3.822238       0.000000       3.836486       5.634572       5.898997       5.795956       7.867660      11.283623      14.758908      16.980780      20.661720      20.780890      17.454075      13.979813      12.361690       9.720687      10.707994      10.366813       9.014497      12.328037      14.673626      13.927105      15.297421      14.784834      17.885605      16.782667
      19.587057      16.075857      13.734075      14.816474      13.882467      16.429369      15.883835      16.612417      17.572647      18.426273      16.794453      18.633898      17.458006      18.336561      18.194441      19.220394      15.670480      14.672859      16.682014      18.320379      18.085123      20.165102      19.995314      20.824171      19.685930      18.789186      16.246252      15.649314      11.939795      11.964416       8.691962       5.748939       5.449072       3.836486       0.000000       3.821667       6.302417       6.328305       9.650343      12.445801      16.191114      17.952534      21.711765      22.469454      19.432495      16.189962      14.344028      11.219234      10.856750       9.311117       6.930778       9.668827      12.516205      11.885017      12.889860      12.770236      16.256838      15.529379
      21.411203      17.797567      15.327135      15.604321      13.970348      15.858724      14.440432      14.911326      15.131922      15.701202      13.720257      15.413010      14.303761      14.977272      15.312452      16.883759      13.682052      12.142847      14.307707      15.687066      15.810843      17.888624      17.882975      19.341919      18.410067      18.251192      15.729483      15.905385      12.533815      13.037251      10.280387       7.941003       8.496042       5.634572       3.821667       0.000000       3.805592       5.770260       9.317143      12.134222      15.891174      16.944689      20.505724      21.455019      18.394897      15.610250      13.008451       9.380955       8.440911       6.218380       5.030227       7.342843      10.287401      10.727396      12.738810      13.638275      17.141216      17.197409
      20.353998      16.620068      14.638594      14.788465      13.439523      15.364292      13.644538      14.884000      14.608865      14.276502      11.773212      12.852418      11.243622      12.181530      12.055028      13.254741       9.985688       8.491626      10.789015      12.660913      13.284194      15.947094      16.702738      18.339603      16.840343      16.865566      13.883896      14.032136      10.965545      11.142528       8.887976       7.924380       8.880976       5.898997       6.302417       3.805592       0.000000       3.805932       6.414587       9.464593      13.009621      13.975951      17.407074      18.060560      14.854977      12.210442       9.339243       5.664301       5.556039       5.002300       5.660650       8.642262      10.425532      10.786738      13.448498      14.261593      17.330647      17.467875
      16.557467      12.840499      10.864470      11.240415      10.443290      12.976116      12.042956      13.957002      14.445056      14.281178      12.438475      13.948252      12.748259      14.545916      14.141830      14.486687      11.018950       9.610890      10.884491      12.705482      12.517964      15.145772      15.821424      16.719767      14.810438      14.130751      10.992379      10.582499       7.268481       7.581376       5.687720       4.907707       7.114725       5.795956       6.328305       5.770260       3.805932       0.000000       3.812810       6.442068      10.210617      11.730362      15.447315      16.201393      13.253236      10.263054       8.357651       5.545640       5.538421       6.246112       5.444370       9.228342      10.279119       9.274843      11.398257      11.437220      14.215181      14.041807
      15.114927      11.389990      10.450013      11.052500      11.164797      13.840138      13.077701      15.747713      16.018923      15.099855      13.098405      13.904490      12.293666      14.398644      13.237292      12.584765       9.106295       8.417667       9.241443      11.731531      11.878818      15.038632      16.468222      17.188581      14.555470      13.701044      10.048075       8.975188       6.277504       5.418236       4.838224       6.607019       8.516221       7.867660       9.650343       9.317143       6.414587       3.812810       0.000000       3.829139       7.118553       9.234528      12.848546      12.976440       9.849637       6.563908       5.336909       4.240947       6.183667       8.713106       8.844344      12.478653      12.711128      11.412169      13.554977      13.131938      15.145782      14.742372
      12.831823       9.446301       8.650125       8.480277       8.978620      11.512644      11.185034      14.460495      14.994266      13.938294      12.662088      13.728604      12.877729      15.743026      14.865955      13.811242      10.959496       9.739454       8.970400      10.738276      10.003403      12.938018      14.487426      14.650992      11.581736      10.420614       6.630055       5.466057       4.055592       4.567808       6.563884       8.376667      11.170194      11.283623      12.445801      12.134222       9.464593       6.442068       3.829139       0.000000       3.808517       5.952829       9.719839      10.370430       8.051734       5.434045       5.649951       6.196920       7.017305      10.057331      10.117190      13.381368      12.563424      10.629578      12.532415      11.923641      13.097680      13.046203
      12.224117       9.520163       9.881507       9.498722      10.722034      12.846035      12.793322      16.439566      16.837765      15.283902      14.271201      14.836178      14.094952      17.207302      16.034472      14.216131      12.027927      11.223247       9.514333      11.137011      10.382127      13.278318      15.364366      15.171404      11.584496      10.316620       6.736971       5.177844       6.225929       6.247880       9.354615      11.774877      14.370300      14.758908      16.191114      15.891174      13.009621      10.210617       7.118553       3.808517       0.000000       3.825282       6.947904       7.107784       5.623100       4.187304       6.442044       8.733617       9.888204      13.318239      13.722231      16.733685      15.359127      13.347186      15.057541      14.242891      14.506399      14.482141
      14.787414      12.478161      12.208536      10.632163      10.853682      11.841874      11.122526      14.789599      14.661753      12.609675      11.928306      12.384585      12.371076      15.891424      15.317342      13.771129      12.387546      10.737354       7.904216       8.412936       7.276348      10.036135      12.589853      12.680423       9.040611       8.867524       5.860754       6.554322       8.401471       9.632355      12.418106      14.197522      17.122114      16.980780      17.952534      16.944689      13.975951      11.730362       9.234528       5.952829       3.825282       0.000000       3.827538       5.726916       5.454941       6.248651       7.171279       9.316929       9.519968      13.004118      14.065849      16.408541      14.313222      12.796241      14.956108      14.956533      15.026268      15.933127
      16.982975      15.269519      15.404252      13.595320      13.851597      14.163784      13.351435      16.914873      16.399584      13.861907      13.466252      13.310210      13.608736      17.151363      16.599920      14.708723      14.251358      12.774448       9.374011       9.213550       8.339621      10.533493      13.571488      13.625421      10.050487      10.484620       8.556472       9.558174      12.034268      13.117905      16.078947      18.012911      20.871838      20.661720      21.711765      20.505724      17.407074      15.447315      12.848546       9.719839       6.947904       3.827538       0.000000       3.840675       5.998872       8.581502       9.778346      12.393533      12.633227      16.118126      17.541452      19.540674      17.065401      15.828528      17.976393      18.138109      17.725666      18.879705
      17.477007      15.689101      16.571850      15.577297      16.397303      17.325947      16.586233      20.178036      19.586908      16.913589      15.844172      15.039846      14.403531      17.498598      16.126118      13.473623      13.175884      12.752536       9.914021      10.981906      11.211983      13.955626      17.131985      17.353148      13.725498      13.746599      11.264106      11.147599      13.197329      13.167716      16.051771      18.645279      20.968739      20.780890      22.469454      21.455019      18.060560      16.201393      12.976440      10.370430       7.107784       5.726916       3.840675       0.000000       3.813849       7.171080       9.218843      12.635961      13.966552      17.742731      19.267912      21.709810      19.698832      18.478220      20.670237      20.465662      20.226152      20.777786
      17.275257      14.789920      15.473530      14.978031      15.653285      17.081261      16.061991      19.518572      18.855576      16.284492      14.523423      13.611144      12.204224      14.994763      13.221861      10.523082       9.632401       9.621924       7.553861       9.800024      10.730206      14.134706      17.213123      17.872759      14.347636      14.293255      11.082621      10.615926      11.567878      10.970658      13.255417      15.975857      17.938267      17.454075      19.432495      18.394897      14.854977      13.253236       9.849637       8.051734       5.623100       5.454941       5.998872       3.813849       0.000000       3.814008       5.668005       9.343299      11.377010      15.233593      16.856874      19.596899      18.142395      17.119083      19.565786      19.382544      19.803333      20.064226
