       0.000000       3.752292       6.453667       9.332555      12.948442      16.031448      18.796587      21.595383      22.687372      22.658613      24.812704      24.151211      26.988625      26.760099      25.013418      22.278067      20.795980      19.475878      21.428623      19.743580      20.984579      20.251585      17.886543      16.120789      12.332818      10.016986       6.881169       7.145893       8.837367      10.757568      11.135048      13.736306      16.675383      17.757692      17.341331      16.935558      13.436207      13.172235      11.327363      11.960411      13.624460      12.911566      16.624825      18.280340      16.040133      17.393221      15.804545      16.956398      16.712408      16.377703      17.732584      15.155556      17.850300      17.884701      14.540889      13.312510      10.338455      10.997991      13.523066
       3.752292       0.000000       3.737214       6.413139       9.954571      13.286414      15.713560      18.814985      20.317608      20.746763      23.314728      23.180700      26.214022      26.506613      25.134623      22.545580      20.476360      18.853260      20.241945      18.098871      18.783669      17.518772      15.009298      13.870378      10.171842       8.743376       6.829694       7.647633      10.611041      12.257775      11.756528      14.707393      17.600613      17.892006      16.712934      16.503029      13.377665      13.784468      11.565822      12.290617      13.049312      12.204251      15.604409      17.894478      16.324425      17.619232      16.371267      17.249977      16.627762      15.463675      16.390377      13.541368      15.651583      15.451832      11.837756      10.061565       6.791573       7.298870       9.894787
       6.453667       3.737214       0.000000       3.797944       6.770148      10.208515      13.001434      15.867496      17.113415      17.803759      20.363758      20.562510      23.850359      24.311569      22.969868      20.770035      18.418577      16.271942      17.221981      14.774557      15.261663      14.113355      11.502304      10.171811       6.451569       5.599661       5.072206       7.176919      10.715128      12.826652      12.528914      15.995884      18.317944      18.263281      16.561331      15.751982      12.745629      12.900976       9.972354      10.117268      10.001961       9.042049      12.165962      14.740585      13.677691      15.015297      14.313266      15.377133      15.057373      13.543781      14.825515      12.480108      14.465425      13.403597       9.762674       8.628262       6.116467       5.724802       9.178590
       9.332555       6.413139       3.797944       0.000000       3.849634       6.884227       9.490745      12.416880      13.974167      14.663581      17.541651      18.001499      21.241512      22.173254      21.349083      19.162254      16.339352      14.311678      14.915350      12.434632      12.764828      11.308640       9.340077       8.519221       5.626907       5.350165       6.588750       7.557053      11.413387      12.775522      11.741571      15.283679      17.229015      16.447578      14.130463      13.416834      11.063330      12.010908       9.424922      10.357951       9.817492       9.919287      12.305953      14.889589      14.337592      14.860618      14.016539      14.258232      13.263085      11.000239      11.723291       9.359129      10.916511       9.660470       5.975842       5.288433       4.322743       5.266622       9.075792
      12.948442       9.954571       6.770148       3.849634       0.000000       3.766020       6.444940       9.261294      10.897151      12.355987      15.473494      16.690119      20.155636      21.541250      21.011694      19.378387      16.165504      13.617105      13.224433      10.155708       9.579080       7.633737       5.583969       5.637887       4.341275       6.304120       9.080812      10.541510      14.267949      15.698980      14.686650      18.262117      19.734011      18.503923      15.680890      14.661252      12.947922      13.853980      11.069522      11.429811       9.643270       9.743289      10.974681      13.936949      14.349431      14.756693      14.655524      14.853459      14.017591      11.189340      11.824919      10.231291      10.878515       8.446019       5.243483       5.488891       6.323959       6.013707       9.347258
      16.031448      13.286414      10.208515       6.884227       3.766020       0.000000       3.793716       5.684097       7.281128       8.816833      12.174500      13.811067      17.222250      19.062750      19.039639      17.708088      14.168102      11.678566      10.623202       7.631013       6.825841       4.881970       4.998659       5.449856       6.412407       8.131774      11.384408      12.226252      15.627347      16.623755      15.458025      18.905447      19.739908      18.026796      14.832378      13.558705      12.711730      13.869599      11.571099      12.225323      10.182013      11.291918      11.574972      14.053367      14.951338      14.533328      14.493059      14.014830      12.874173       9.571005       9.853446       9.236234       9.256347       5.910540       4.370025       6.660783       9.090930       9.466098      12.414773
      18.796587      15.713560      13.001434       9.490745       6.444940       3.793716       0.000000       3.877086       7.190416       9.389653      13.116723      15.310337      18.389275      20.813137      21.381268      20.136150      16.406977      14.317854      12.764939      10.006933       8.287538       5.212576       6.351568       8.501430       9.868404      11.817981      14.881901      15.420696      18.864494      19.401819      17.685160      20.809286      21.624422      19.367596      15.828933      15.185140      15.085819      16.846209      14.996574      15.958521      13.934303      14.930820      14.916533      17.478374      18.642288      18.082727      18.009403      17.114294      15.479114      11.865005      11.011798      10.310044       8.819432       5.618465       5.401858       6.969256      10.189047      10.730417      12.786961
      21.595383      18.814985      15.867496      12.416880       9.261294       5.684097       3.877086       0.000000       3.777326       6.425488      10.056481      12.833767      15.794238      18.565615      19.516527      18.828165      15.046492      12.959383      10.638025       8.308427       6.353326       4.347277       7.551818       9.187006      11.625793      13.454602      16.815756      17.265148      20.329985      20.816259      19.362309      22.421923      22.617346      20.232761      16.665817      15.513865      15.963704      17.464962      15.858662      16.651983      14.392895      15.928555      15.142324      17.149540      18.742926      17.642462      17.851559      16.668789      15.203186      11.677155      10.973084      11.575942      10.071045       6.471714       7.973772      10.520372      13.802991      14.319602      16.515427
      22.687372      20.317608      17.113415      13.974167      10.897151       7.281128       7.190416       3.777326       0.000000       3.815935       6.854109      10.061219      13.205610      15.891480      16.785725      16.704031      13.075042      10.671911       7.649914       5.704798       4.066001       4.773996       8.488490       8.911021      11.965624      13.543253      17.054642      17.627789      20.264658      20.986132      20.089661      23.225119      22.962597      20.848925      17.539198      15.651270      16.094929      16.945614      15.334088      15.685832      13.228691      15.177670      13.756742      15.101174      17.007755      15.523870      16.135141      15.021338      14.156106      11.101624      11.290332      12.878444      12.166761       8.493258      10.166893      13.259896      16.247948      16.591436      19.168829
      22.658613      20.746763      17.803759      14.663581      12.355987       8.816833       9.389653       6.425488       3.815935       0.000000       3.776069       6.488812       9.519629      12.278913      13.480137      13.318407       9.693204       7.969398       5.323419       5.389042       6.323327       8.029715      11.310269      10.681844      13.145296      13.687864      16.846386      16.744717      18.832014      19.157642      18.396494      21.275007      20.485998      18.394016      15.316963      13.059484      13.980494      14.779143      13.883482      14.719013      12.977698      15.713212      14.621428      15.151649      16.539648      14.293167      14.329098      12.508677      11.385022       8.669971       8.984940      11.519104      11.349391       8.220330      10.579339      14.227975      17.248684      18.221142      21.194960
      24.812704      23.314728      20.363758      17.541651      15.473494      12.174500      13.116723      10.056481       6.854109       3.776069       0.000000       3.841913       6.701274       9.417368      10.856070      11.597797       8.542420       7.189797       4.336734       6.544819       8.373421      11.068693      14.230066      12.979495      15.493172      15.643543      18.608940      18.429081      19.901575      20.258194      19.995504      22.700714      21.382851      19.580463      16.954906      14.213142      15.273860      15.445918      14.899928      15.438522      13.911190      16.965214      15.505844      15.119499      16.550972      13.764247      13.995781      12.063172      11.587625       9.934555      10.914390      14.054512      14.372135      11.630172      13.949453      17.690153      20.509640      21.440990      24.581844
      24.151211      23.180700      20.562510      18.001499      16.690119      13.811067      15.310337      12.833767      10.061219       6.488812       3.841913       0.000000       3.821710       5.830299       7.324576       7.903628       5.224989       5.262922       4.668245       8.145824      11.067236      13.813016      16.505493      14.591258      16.386551      15.633372      18.029310      17.300419      18.082804      18.157469      18.242205      20.653803      18.891792      17.439531      15.382921      12.246390      13.416732      13.222460      13.415805      14.303191      13.674829      17.175480      16.236017      15.195786      15.872480      12.534222      12.041553       9.501809       9.086837       8.556636      10.066875      13.580358      14.682907      12.634192      14.815085      18.641582      21.191748      22.501221      25.926252
      26.988625      26.214022      23.850359      21.241512      20.155636      17.222250      18.389275      15.794238      13.205610       9.519629       6.701274       3.821710       0.000000       3.836172       7.071711       7.995723       6.638049       8.404073       8.462939      11.953249      14.706572      17.308880      20.169516      18.380306      20.057940      19.052053      21.148760      19.960621      20.284695      19.831465      19.864338      21.718134      19.392185      17.863195      16.205975      13.274392      15.145109      15.107331      16.091810      17.323807      17.156742      20.759998      19.917725      18.588173      19.027584      15.448454      14.568481      11.589412      10.850768      10.960090      11.839252      15.590360      16.544849      15.132625      17.714268      21.548512      24.223843      25.846363      29.257452
      26.760099      26.506613      24.311569      22.173254      21.541250      19.062750      20.813137      18.565615      15.891480      12.278913       9.417368       5.830299       3.836172       0.000000       3.746271       5.452085       6.069223       8.390641       9.647055      13.360324      16.625195      19.513834      21.935631      19.566221      20.828623      19.300245      20.921572      19.638655      19.274549      18.939543      19.622646      21.323084      18.751062      17.943226      16.996819      13.716323      15.077822      14.238261      15.520307      16.529453      16.926668      20.614174      19.975914      18.023092      17.962976      14.174658      13.067685      10.226735      10.354276      11.711909      13.390358      16.982214      18.654749      17.418016      19.489239      23.240887      25.485273      27.077362      30.688929
      25.013418      25.134623      22.969868      21.349083      21.011694      19.039639      21.381268      19.516527      16.785725      13.480137      10.856070       7.324576       7.071711       3.746271       0.000000       3.812375       5.814538       7.437279       9.528207      13.046800      16.633059      19.721479      21.606358      18.719887      19.620916      17.776417      19.066555      18.021511      17.262184      17.437994      18.779795      20.686422      18.321440      18.202471      17.602352      14.013882      14.442597      12.705884      13.721996      14.201762      14.910283      18.522711      18.035196      15.622354      15.165304      11.343221      10.278613       8.060155       9.483332      11.613175      14.180917      17.397552      19.660891      18.270203      19.669876      23.254099      25.013105      26.360462      30.101582
      22.278067      22.545580      20.770035      19.162254      19.378387      17.708088      20.136150      18.828165      16.704031      13.318407      11.597797       7.903628       7.995723       5.452085       3.812375       0.000000       3.811099       6.733758       9.894357      13.009912      16.721094      19.308851      20.918837      18.048878      18.332272      16.000725      16.852638      15.209871      14.247938      13.949695      15.193791      16.921722      14.510798      14.519954      14.203580      10.619976      11.016999       9.424391      11.178857      12.502834      13.925014      17.641535      17.903831      15.935616      14.859675      11.159533       8.920814       5.738762       6.329046       9.108501      11.628149      14.588469      17.216703      16.379688      17.584381      21.009459      22.616938      24.344055      28.118317
      20.795980      20.476360      18.418577      16.339352      16.165504      14.168102      16.406977      15.046492      13.075042       9.693204       8.542420       5.224989       6.638049       6.069223       5.814538       3.811099       0.000000       3.915489       6.894558       9.813426      13.392141      15.749500      17.559879      15.012280      15.580215      13.665574      15.125010      13.673203      13.687062      13.476160      14.021819      16.245895      14.320946      13.558479      12.293942       8.684838       9.327304       8.579313       9.701608      11.292829      12.046849      15.807730      15.949385      14.666183      14.098616      10.590287       8.650934       5.167270       4.471493       5.900679       8.405278      11.591947      13.908215      12.730160      14.145663      17.732277      19.676376      21.391548      25.079628
      19.475878      18.853260      16.271942      14.311678      13.617105      11.678566      14.317854      12.959383      10.671911       7.969398       7.189797       5.262922       8.404073       8.390641       7.437279       6.733758       3.915489       0.000000       3.818395       6.323750      10.081306      12.763540      14.347538      11.536121      12.469562      11.054246      13.137971      12.662573      13.368884      14.132587      14.822523      17.714748      16.512383      15.812230      14.065682      10.553533      10.200043       9.066541       8.520442       9.061957       8.815342      12.504933      12.214694      11.096616      11.079587       7.809644       6.985403       4.965290       5.757891       5.873618       9.084852      11.762385      13.953920      11.842873      12.699046      16.233414      18.026731      19.132412      22.810711
      21.428623      20.241945      17.221981      14.915350      13.224433      10.623202      12.764939      10.638025       7.649914       5.323419       4.336734       4.668245       8.462939       9.647055       9.528207       9.894357       6.894558       3.818395       0.000000       3.752079       7.135221      10.290796      12.518578      10.237349      12.305655      12.060036      14.908861      15.072787      16.437326      17.375698      17.666845      20.712132      19.706882      18.531393      16.216463      13.058961      13.057675      12.459116      11.306480      11.308104       9.755198      12.964231      11.709004      11.070900      12.243957       9.500796       9.949581       8.698153       9.169362       7.977106      10.328031      13.014832      14.305972      11.439587      12.664533      16.270205      18.462877      19.143677      22.565168
      19.743580      18.098871      14.774557      12.434632      10.155708       7.631013      10.006933       8.308427       5.704798       5.389042       6.544819       8.145824      11.953249      13.360324      13.046800      13.009912       9.813426       6.323750       3.752079       0.000000       3.791703       6.890566       8.814706       6.652525       9.240491       9.924494      13.290992      14.161058      16.277639      17.629944      17.680733      21.069311      20.722630      19.472494      16.817402      14.062904      13.515670      13.176773      11.100945      10.692285       8.187260      10.718681       9.297765       9.844529      11.504009       9.832709      10.784728      10.383155      10.731381       8.672617      10.768557      12.541797      13.530206      10.123596      10.610611      13.866725      15.929974      16.113541      19.372129
      20.984579      18.783669      15.261663      12.764828       9.579080       6.825841       8.287538       6.353326       4.066001       6.323327       8.373421      11.067236      14.706572      16.625195      16.633059      16.721094      13.392141      10.081306       7.135221       3.791703       0.000000       3.790520       6.338993       5.734778       9.292940      11.277848      14.946469      16.291843      18.939064      20.374897      20.049988      23.516329      23.519398      21.974632      18.961336      16.694004      16.227808      16.317087      13.943866      13.374038      10.308414      11.785451       9.907900      11.482969      13.751711      12.867149      14.191478      14.053138      14.125850      11.530041      12.834373      14.056327      14.195041      10.408912      10.737113      13.481585      15.700482      15.325981      18.079256
      20.251585      17.518772      14.113355      11.308640       7.633737       4.881970       5.212576       4.347277       4.773996       8.029715      11.068693      13.813016      17.308880      19.513834      19.721479      19.308851      15.749500      12.763540      10.290796       6.890566       3.790520       0.000000       3.837396       5.615578       8.783300      11.421813      15.053831      16.434998      19.604061      20.875372      20.011009      23.459270      23.928911      22.112022      18.822412      17.209986      16.744360      17.465729      15.023867      14.852853      11.906388      12.740344      11.508402      13.953626      15.952728      15.546969      16.495173      16.269508      15.727902      12.589757      13.076601      13.425898      12.878906       9.106769       8.971206      11.024310      13.405925      12.871618      15.172802
      17.886543      15.009298      11.502304       9.340077       5.583969       4.998659       6.351568       7.551818       8.488490      11.310269      14.230066      16.505493      20.169516      21.935631      21.606358      20.918837      17.559879      14.347538      12.518578       8.814706       6.338993       3.837396       0.000000       3.888181       6.312919       9.718027      13.178043      15.225475      18.649359      20.375015      19.677685      23.293837      24.292181      22.854628      19.775314      18.303057      17.092823      17.572149      14.587026      13.977024      10.907619      10.671142       9.925136      13.144156      14.936321      15.419964      16.500957      16.972067      16.743088      13.829329      14.664102      14.197208      14.100842      10.674237       9.072613      10.018561      11.413886       9.990446      12.194001
      16.120789      13.870378      10.171811       8.519221       5.637887       5.449856       8.501430       9.187006       8.911021      10.681844      12.979495      14.591258      18.380306      19.566221      18.719887      18.048878      15.012280      11.536121      10.237349       6.652525       5.734778       5.615578       3.888181       0.000000       3.842855       6.816104      10.447635      12.711906      15.781110      17.870646      17.784092      21.522682      22.322636      21.354219      18.661106      16.631338      14.970289      14.751001      11.494868      10.367220       7.084913       7.180555       6.474537       9.485364      11.083246      11.588637      12.825529      13.727276      14.113527      11.781075      13.553568      13.454350      14.361670      11.022497       9.302240      10.913213      11.858516      10.744134      13.737555
      12.332818      10.171842       6.451569       5.626907       4.341275       6.412407       9.868404      11.625793      11.965624      13.145296      15.493172      16.386551      20.057940      20.828623      19.620916      18.332272      15.580215      12.469562      12.305655       9.240491       9.292940       8.783300       6.312919       3.842855       0.000000       3.782478       7.040495       9.721753      13.016315      15.358953      15.387829      19.170790      20.457197      19.899300      17.564066      15.784115      13.428211      13.114209       9.587764       8.552050       6.109101       5.454361       6.910016       9.990847      10.385970      11.464874      12.044259      13.276372      13.601979      11.624594      13.513025      12.596773      14.129086      11.508503       8.758300       9.550246       9.393612       8.260813      11.682190
      10.016986       8.743376       5.599661       5.350165       6.304120       8.131774      11.817981      13.454602      13.543253      13.687864      15.643543      15.633372      19.052053      19.300245      17.776417      16.000725      13.665574      11.054246      12.060036       9.924494      11.277848      11.421813       9.718027       6.816104       3.782478       0.000000       3.709415       6.152181       9.255110      11.749852      12.216785      16.010700      17.250858      17.158909      15.333955      13.356325      10.464490       9.707660       6.072514       5.418425       4.627371       5.255090       7.992999       9.905334       9.006964       9.704721       9.319121      10.565516      10.966417       9.719397      12.091205      11.146373      13.602228      11.666390       8.985377      10.110606       9.642037       9.629820      13.404042
       6.881169       6.829694       5.072206       6.588750       9.080812      11.384408      14.881901      16.815756      17.054642      16.846386      18.608940      18.029310      21.148760      20.921572      19.066555      16.852638      15.125010      13.137971      14.908861      13.290992      14.946469      15.053831      13.178043      10.447635       7.040495       3.709415       0.000000       3.852782       6.633662       9.620903      10.635700      14.252739      15.924086      16.536566      15.429341      13.717614      10.207808       9.054387       5.777013       5.491870       6.791187       6.919079      10.452993      11.810876       9.825462      10.843829       9.696375      11.210678      11.685045      11.291791      13.641934      12.230279      15.189191      14.060428      11.182096      11.652020      10.224594      10.559733      14.188680
       7.145893       7.647633       7.176919       7.557053      10.541510      12.226252      15.420696      17.265148      17.627789      16.744717      18.429081      17.300419      19.960621      19.638655      18.021511      15.209871      13.673203      12.662573      15.072787      14.161058      16.291843      16.434998      15.225475      12.711906       9.721753       6.152181       3.852782       0.000000       3.857651       5.948733       6.824286      10.436211      12.101130      12.867468      12.170346      10.676712       6.965204       6.256368       4.418536       6.530906       8.952103      10.271286      13.476912      14.297109      12.049281      11.987827       9.656916      10.011972       9.582082       9.600665      11.604287      10.037033      13.466956      13.196812      10.778548      11.551626      10.562463      12.155978      15.784359
       8.837367      10.611041      10.715128      11.413387      14.267949      15.627347      18.864494      20.329985      20.264658      18.832014      19.901575      18.082804      20.284695      19.274549      17.262184      14.247938      13.687062      13.368884      16.437326      16.277639      18.939064      19.604061      18.649359      15.781110      13.016315       9.255110       6.633662       3.857651       0.000000       3.803574       6.681612       9.511075      10.685927      12.503119      12.876082      11.114997       7.370235       5.348038       5.208559       7.224980      10.673341      12.307793      15.444359      15.379436      12.485568      12.063479       9.075035       9.457489       9.548714      10.947625      13.266393      12.290888      16.021618      16.072166      14.166497      15.215669      14.276320      15.926547      19.478704
      10.757568      12.257775      12.826652      12.775522      15.698980      16.623755      19.401819      20.816259      20.986132      19.157642      20.258194      18.157469      19.831465      18.939543      17.437994      13.949695      13.476160      14.132587      17.375698      17.629944      20.374897      20.875372      20.375015      17.870646      15.358953      11.749852       9.620903       5.948733       3.803574       0.000000       3.702445       5.876026       6.944195       9.049861      10.111495       8.933424       5.691548       5.108279       7.119901      10.202955      13.472098      15.533664      18.458368      18.395029      15.716462      14.645606      11.224448      10.283114       9.110068      10.621096      12.115490      11.051616      14.797745      15.683856      14.307642      15.447973      14.948170      17.351625      20.781111
      11.135048      11.756528      12.528914      11.741571      14.686650      15.458025      17.685160      19.362309      20.089661      18.396494      19.995504      18.242205      19.864338      19.622646      18.779795      15.193791      14.021819      14.822523      17.666845      17.680733      20.049988      20.011009      19.677685      17.784092      15.387829      12.216785      10.635700       6.824286       6.681612       3.702445       0.000000       3.800671       5.868439       6.720757       7.308015       7.332432       4.825540       6.678516       8.580391      12.114423      14.763165      16.809128      19.629343      20.100843      17.879784      16.734871      13.479214      11.932888       9.646510      10.063347      10.391461       8.561564      12.031086      13.603403      12.358581      13.237961      13.074091      16.062090      19.269190
      13.736306      14.707393      15.995884      15.283679      18.262117      18.905447      20.809286      22.421923      23.225119      21.275007      22.700714      20.653803      21.718134      21.323084      20.686422      16.921722      16.245895      17.714748      20.712132      21.069311      23.516329      23.459270      23.293837      21.522682      19.170790      16.010700      14.252739      10.436211       9.511075       5.876026       3.800671       0.000000       3.767526       5.575907       7.839994       8.892745       7.665969       9.493675      12.066220      15.585462      18.428848      20.526037      23.361572      23.648500      21.277597      19.950052      16.472530      14.616179      12.144349      12.939114      12.710151      11.052269      14.094025      16.328602      15.486439      16.187639      16.045626      19.262665      22.197536
      16.675383      17.600613      18.317944      17.229015      19.734011      19.739908      21.624422      22.617346      22.962597      20.485998      21.382851      18.891792      19.392185      18.751062      18.321440      14.510798      14.320946      16.512383      19.706882      20.722630      23.519398      23.928911      24.292181      22.322636      20.457197      17.250858      15.924086      12.101130      10.685927       6.944195       5.868439       3.767526       0.000000       3.790735       7.121613       7.534964       7.418459       9.005943      12.402769      15.997864      18.891407      21.519146      23.972092      23.767874      21.469217      19.530378      15.880591      13.403148      10.764030      12.198927      12.025016      11.476973      14.521258      16.657595      16.579119      18.031946      18.496597      21.682835      24.841875
      17.757692      17.892006      18.263281      16.447578      18.503923      18.026796      19.367596      20.232761      20.848925      18.394016      19.580463      17.439531      17.863195      17.943226      18.202471      14.519954      13.558479      15.812230      18.531393      19.472494      21.974632      22.112022      22.854628      21.354219      19.899300      17.158909      16.536566      12.867468      12.503119       9.049861       6.720757       5.575907       3.790735       0.000000       3.776551       5.501496       7.007821       9.839630      12.945232      16.726206      19.034937      21.796507      23.938702      24.049740      22.243849      20.126644      16.714741      13.785280      10.394993      10.838282       9.579910       9.070018      11.529613      14.080324      14.583697      16.222933      17.354753      20.767466      23.795494
      17.341331      16.712934      16.561331      14.130463      15.680890      14.832378      15.828933      16.665817      17.539198      15.316963      16.954906      15.382921      16.205975      16.996819      17.602352      14.203580      12.293942      14.065682      16.216463      16.817402      18.961336      18.822412      19.775314      18.661106      17.564066      15.333955      15.429341      12.170346      12.876082      10.111495       7.308015       7.839994       7.121613       3.776551       0.000000       3.726089       6.113861       9.695001      12.047719      15.772639      17.420042      20.166922      22.016315      22.504053      21.189890      19.112312      16.098959      13.116026       9.373382       8.543491       6.367221       5.671403       7.799244      10.439348      11.300144      13.206028      14.937920      18.347658      21.330915
      16.935558      16.503029      15.751982      13.416834      14.661252      13.558705      15.185140      15.513865      15.651270      13.059484      14.213142      12.246390      13.274392      13.716323      14.013882      10.619976       8.684838      10.553533      13.058961      14.062904      16.694004      17.209986      18.303057      16.631338      15.784115      13.356325      13.717614      10.676712      11.114997       8.933424       7.332432       8.892745       7.534964       5.501496       3.726089       0.000000       3.820242       6.833930       9.352468      12.950476      14.633717      17.735020      19.337914      19.406710      18.102785      15.719516      12.701056       9.498872       5.696533       5.441058       4.629237       5.644215       8.634109       9.954183      10.883897      13.529598      15.276452      18.227955      21.599749
      13.436207      13.377665      12.745629      11.063330      12.947922      12.711730      15.085819      15.963704      16.094929      13.980494      15.273860      13.416732      15.145109      15.077822      14.442597      11.016999       9.327304      10.200043      13.057675      13.515670      16.227808      16.744360      17.092823      14.970289      13.428211      10.464490      10.207808       6.965204       7.370235       5.691548       4.825540       7.665969       7.418459       7.007821       6.113861       3.820242       0.000000       3.761450       6.067062       9.847932      12.030142      14.857471      16.971050      17.118526      15.379111      13.503906      10.337709       7.976546       5.045281       5.398033       6.455796       6.178833       9.955828      10.671456      10.289085      12.502899      13.413886      16.094227      19.654877
      13.172235      13.784468      12.900976      12.010908      13.853980      13.869599      16.846209      17.464962      16.945614      14.779143      15.445918      13.222460      15.107331      14.238261      12.705884       9.424391       8.579313       9.066541      12.459116      13.176773      16.317087      17.465729      17.572149      14.751001      13.114209       9.707660       9.054387       6.256368       5.348038       5.108279       6.678516       9.493675       9.005943       9.839630       9.695001       6.833930       3.761450       0.000000       3.847215       7.245295      10.145794      13.112148      15.268625      14.776300      12.564034      10.617337       7.113709       5.334723       4.298972       6.457005       9.084779       9.453175      13.208022      13.137264      12.449878      14.715841      15.148652      17.199404      20.952066
      11.327363      11.565822       9.972354       9.424922      11.069522      11.571099      14.996574      15.858662      15.334088      13.883482      14.899928      13.415805      16.091810      15.520307      13.721996      11.178857       9.701608       8.520442      11.306480      11.100945      13.943866      15.023867      14.587026      11.494868       9.587764       6.072514       5.777013       4.418536       5.208559       7.119901       8.580391      12.066220      12.402769      12.945232      12.047719       9.352468       6.067062       3.847215       0.000000       3.800051       6.548099       9.296313      11.654708      11.588490       9.482531       8.302910       5.619053       5.711669       6.100370       6.835110       9.955302       9.914923      13.421758      12.472666      11.029923      13.092850      13.181469      14.536835      18.370741
      11.960411      12.290617      10.117268      10.357951      11.429811      12.225323      15.958521      16.651983      15.685832      14.719013      15.438522      14.303191      17.323807      16.529453      14.201762      12.502834      11.292829       9.061957      11.308104      10.692285      13.374038      14.852853      13.977024      10.367220       8.552050       5.418425       5.491870       6.530906       7.224980      10.202955      12.114423      15.585462      15.997864      16.726206      15.772639      12.950476       9.847932       7.245295       3.800051       0.000000       3.787366       6.283553       8.628804       8.221971       5.784227       5.565951       4.354069       6.802462       8.817419       9.498985      12.930244      13.084690      16.263369      14.614374      12.906706      14.791283      14.532202      14.929774      18.702295
      13.624460      13.049312      10.001961       9.817492       9.643270      10.182013      13.934303      14.392895      13.228691      12.977698      13.911190      13.674829      17.156742      16.926668      14.910283      13.925014      12.046849       8.815342       9.755198       8.187260      10.308414      11.906388      10.907619       7.084913       6.109101       4.627371       6.791187       8.952103      10.673341      13.472098      14.763165      18.428848      18.891407      19.034937      17.420042      14.633717      12.030142      10.145794       6.548099       3.787366       0.000000       3.768178       5.129314       5.610673       4.913190       5.415171       6.403624       8.665155      10.527826      10.128416      13.379350      13.689398      16.220951      13.790741      12.092053      14.064661      14.132471      13.834274      17.469934
      12.911566      12.204251       9.042049       9.919287       9.743289      11.291918      14.930820      15.928555      15.177670      15.713212      16.965214      17.175480      20.759998      20.614174      18.522711      17.641535      15.807730      12.504933      12.964231      10.718681      11.785451      12.740344      10.671142       7.180555       5.454361       5.255090       6.919079      10.271286      12.307793      15.533664      16.809128      20.526037      21.519146      21.796507      20.166922      17.735020      14.857471      13.112148       9.296313       6.283553       3.768178       0.000000       3.792809       5.932616       5.619806       8.083828       9.600826      12.287634      14.084658      13.455773      16.383305      16.085424      18.376871      15.881975      13.530247      14.631932      13.948635      12.716754      15.999319
      16.624825      15.604409      12.165962      12.305953      10.974681      11.574972      14.916533      15.142324      13.756742      14.621428      15.505844      16.236017      19.917725      19.975914      18.035196      17.903831      15.949385      12.214694      11.709004       9.297765       9.907900      11.508402       9.925136       6.474537       6.910016       7.992999      10.452993      13.476912      15.444359      18.458368      19.629343      23.361572      23.972092      23.938702      22.016315      19.337914      16.971050      15.268625      11.654708       8.628804       5.129314       3.792809       0.000000       3.860481       5.994725       8.045961      10.678842      13.225481      15.264454      14.425692      17.362848      17.673168      19.539196      16.508451      14.747555      16.297453      16.258869      14.796705      17.847462
      18.280340      17.894478      14.740585      14.889589      13.936949      14.053367      17.478374      17.149540      15.101174      15.151649      15.119499      15.195786      18.588173      18.023092      15.622354      15.935616      14.666183      11.096616      11.070900       9.844529      11.482969      13.953626      13.144156       9.485364       9.990847       9.905334      11.810876      14.297109      15.379436      18.395029      20.100843      23.648500      23.767874      24.049740      22.504053      19.406710      17.118526      14.776300      11.588490       8.221971       5.610673       5.932616       3.860481       0.000000       3.660866       5.325244       8.769097      11.725895      14.543210      14.548666      17.939339      18.844673      21.078518      18.190617      16.916216      18.960840      19.090063      18.087492      21.355597
      16.040133      16.324425      13.677691      14.337592      14.349431      14.951338      18.642288      18.742926      17.007755      16.539648      16.550972      15.872480      19.027584      17.962976      15.165304      14.859675      14.098616      11.079587      12.243957      11.504009      13.751711      15.952728      14.936321      11.083246      10.385970       9.006964       9.825462      12.049281      12.485568      15.716462      17.879784      21.277597      21.469217      22.243849      21.189890      18.102785      15.379111      12.564034       9.482531       5.784227       4.913190       5.619806       5.994725       3.660866       0.000000       3.826384       6.502461      10.103971      13.193301      13.884088      17.484570      18.142210      20.901047      18.531181      16.993605      18.887497      18.603548      17.980335      21.446243
