       0.000000       3.824019       7.092612      10.681268      12.999134      15.817919      16.484070      19.273735      22.990553      25.748991      28.480600      31.911934      33.796211      37.339443      36.869503      37.066883      35.347816      31.742218      28.682243      25.773325      22.076767      19.675623      15.992708      14.029444      10.273550       8.832934       8.708048      11.661674      12.484276      11.634727      13.880303      13.534505      16.842728      18.861361      21.166708      24.057840      24.640024      22.402716      24.129965      22.451347      25.487213      25.630560      26.002718      29.807623      32.824905      31.808668      28.072721      26.956745      23.206947      22.629196      19.138367      18.739763      14.942548      14.052172      15.887904      16.850832      20.420538      22.434156      26.256456      28.169413      31.958935      34.892994      32.706482      34.786098      35.353195      32.994720      29.953829      30.880934      27.496868      24.022511      21.568331      18.263636      15.696119      12.942391      10.017988       6.940870       5.909442       8.141734      11.818639      14.933227      18.583162      21.687439      25.365522      27.654448      31.325951      33.770943      37.272587      40.409584      43.187477
       3.824019       0.000000       3.822006       7.170152       9.254056      12.114835      13.146157      16.085676      19.764185      22.768826      25.408167      28.958300      30.916798      34.547680      34.330116      34.453709      32.478970      28.857267      25.759132      22.660334      18.979799      16.323671      12.559961      10.396959       6.706423       5.519383       6.672605       9.883931      11.654805      10.897446      12.950550      12.395047      15.608837      17.140341      19.736546      22.409382      23.208664      21.429020      23.288074      21.705515      24.508799      24.615324      24.555561      28.352253      31.088474      29.865688      26.115910      24.746153      21.049152      20.292011      16.799845      16.522846      12.880713      11.420887      12.870647      14.006009      17.471308      19.737776      23.536428      25.672586      29.425352      32.430275      30.369938      32.680641      33.284592      31.236494      27.970924      28.834318      25.571115      21.927177      19.339119      16.374483      13.735731      11.738508       9.003342       7.261628       6.082949       6.276515      10.025156      12.466902      16.260202      18.991661      22.770689      25.076443      28.836903      31.316305      34.707676      37.912498      40.520573
       7.092612       3.822006       0.000000       3.823931       6.354624       8.990288       9.706015      12.931319      16.463467      19.469076      22.306593      25.921038      28.158203      31.860716      31.923697      32.290665      30.180305      26.687223      23.364599      20.313955      16.561552      14.057707      10.257171       8.716267       5.881781       6.290073       8.929379      11.802878      13.959633      12.767389      13.984376      12.576895      15.149447      15.828021      18.199171      20.380573      20.951761      19.687922      21.956289      20.868416      23.658808      24.152536      24.022661      27.775934      30.274956      28.626518      24.992575      23.757845      20.276121      19.828794      16.661688      17.025194      13.776859      12.127411      12.505908      13.147608      16.122713      18.182985      21.876347      23.868509      27.597933      30.421114      28.213758      30.487442      30.823612      28.957550      25.632647      26.143793      22.853092      19.111223      16.792717      14.002419      11.896886      10.759714       9.123261       8.738285       6.607645       4.731014       7.699374       9.451135      13.173484      15.746302      19.534962      22.101204      25.870867      28.574883      31.824600      35.174488      37.767200
      10.681268       7.170152       3.823931       0.000000       3.828765       5.330149       6.054984       9.336265      12.817603      16.016956      18.720684      22.403078      24.681458      28.431217      28.709644      29.052338      26.757771      23.312792      19.944715      16.816433      13.112402      10.568581       6.846285       5.991014       4.850886       7.094817      10.186866      12.282461      14.702819      13.366804      13.890887      12.145849      14.107729      14.022175      16.490580      18.285110      19.094700      18.399498      20.689259      19.793127      22.232092      22.758257      22.265141      25.889280      28.052338      26.153263      22.623108      21.287596      18.046526      17.668749      14.858328      15.713683      13.064420      11.354463      10.624996      10.856351      13.280294      15.311799      18.845446      20.906485      24.542252      27.339933      25.235119      27.675856      28.036148      26.503973      23.015236      23.470356      20.398327      16.587523      14.180782      12.006069      10.095146      10.227691       9.464813      10.547504       8.958140       5.620237       6.990690       7.131147      10.708552      12.666278      16.481312      18.965084      22.771168      25.456068      28.585802      31.962530      34.402683
      12.999134       9.254056       6.354624       3.828765       0.000000       3.819005       6.650295      10.121129      12.997110      16.585791      19.044439      22.851715      25.245846      29.055170      29.748392      29.916126      27.234446      23.836983      20.585825      17.174156      13.819472      10.749134       7.414926       5.653728       5.830253       7.180669      10.856176      13.010972      16.109665      15.551007      16.432137      15.176029      17.131420      16.815416      19.431145      20.924526      21.850134      21.584715      23.863426      23.001892      25.137337      25.461464      24.517124      27.993547      29.811779      27.880642      24.430496      22.682568      19.624123      18.725803      15.950583      16.365295      14.109613      11.540044      10.820002      11.891448      13.959729      16.490164      19.749189      22.184378      25.596350      28.475431      26.675978      29.370060      29.765400      28.651155      25.035240      25.339943      22.521559      18.720154      16.425745      14.890404      13.178643      13.817903      12.940705      13.928844      12.490666       9.399668      10.642890       9.947922      13.009663      14.093549      17.757698      20.253931      24.019485      26.714399      29.559254      32.982796      35.109135
      15.817919      12.114835       8.990288       5.330149       3.819005       0.000000       3.799780       6.720217       9.338385      13.038972      15.303670      19.116905      21.515392      25.329962      26.167044      26.374266      23.607784      20.312597      17.010950      13.652054      10.433070       7.611897       5.009645       5.222472       7.368979       9.978247      13.234523      14.553726      17.379658      16.408474      16.478725      14.832902      16.018078      14.959743      17.432501      18.471178      19.575693      19.822824      22.035912      21.418314      23.202852      23.636976      22.484642      25.757820      27.260822      25.069067      21.816507      20.148144      17.467436      16.881525      14.722244      15.846766      14.295963      12.237892      10.300379      10.458464      11.585141      13.756668      16.710747      19.035816      22.310614      25.068565      23.321871      26.083658      26.476532      25.651722      21.973789      22.233156      19.694708      15.984553      13.721482      12.942287      11.655134      13.325279      13.307118      15.240550      14.088242      10.462987      10.466705       8.482990      10.820312      11.077634      14.577909      16.868040      20.588873      23.211325      25.947403      29.357574      31.385206
      16.484070      13.146157       9.706015       6.054984       6.650295       3.799780       0.000000       3.822102       6.847322      10.140310      12.924487      16.665180      19.252539      23.053007      23.765720      24.404510      21.930826      18.804825      15.200093      12.355984       8.889235       7.365302       5.359937       7.513008       9.232058      12.357827      15.322410      16.495424      18.746653      17.020939      16.358870      13.936900      14.382977      12.702331      14.582153      15.227637      15.999611      16.489323      18.962500      18.814072      20.731400      21.679024      20.926550      24.165649      25.734261      23.225883      20.127981      19.076756      16.611874      16.876127      15.189300      17.090736      15.591798      14.345845      12.001960      10.928222      11.559190      12.704709      15.570480      17.230965      20.594032      23.010376      20.834616      23.270838      23.354109      22.350912      18.778193      18.800812      16.076763      12.331816      10.375514       9.617460       9.157269      11.383234      12.409311      14.818586      13.423887       9.609407       8.263963       5.336178       7.083346       7.470226      11.114594      13.671836      17.424866      20.262964      23.111549      26.609636      28.922661
      19.273735      16.085676      12.931319       9.336265      10.121129       6.720217       3.822102       0.000000       3.827014       6.944052       9.390703      13.071586      15.494916      19.282629      19.946562      20.619694      18.207722      15.171279      11.485833       8.946079       5.643631       5.659626       5.770549       9.227335      11.583116      15.126740      17.626392      18.089876      19.925537      17.896015      16.476748      13.854762      13.346663      10.862591      12.445539      12.547063      13.719143      14.745946      16.910654      16.967260      18.376900      19.405420      18.481510      21.432737      22.693216      19.943687      17.103048      16.292395      14.357059      15.156398      14.307833      16.876371      16.087828      15.517154      12.471837      10.417063       9.851974      10.058489      12.442032      13.755393      16.998362      19.266811      17.094793      19.599447      19.788927      19.037588      15.376942      15.551280      13.230251       9.691443       7.587619       8.171508       8.317800      11.541390      13.312678      16.392334      15.544723      11.799805       9.666787       6.072637       6.064449       4.896877       8.228321      10.197090      13.965096      16.597059      19.484808      22.907873      25.199295
      22.990553      19.764185      16.463467      12.817603      12.997110       9.338385       6.847322       3.827014       0.000000       3.824978       6.204854       9.988167      12.868504      16.668791      17.928020      18.878403      16.251202      13.737671      10.058314       8.210151       6.365280       7.629823       9.035751      12.407079      15.144323      18.586136      21.205400      21.563360      23.459959      21.500380      19.889425      17.264345      16.254608      13.249390      14.178768      13.277277      14.213264      16.125334      18.270714      18.856424      19.817408      21.048452      19.965919      22.449709      23.155195      20.051807      17.772985      17.175137      16.023960      17.037468      16.861862      19.587011      19.298620      18.702997      15.407956      13.303034      11.803911      11.393505      12.703238      13.543097      16.196606      17.969786      15.879988      18.301590      18.169983      18.063175      14.529093      14.138542      12.437743       9.501489       8.518244      10.339462      11.408609      14.914694      17.001230      20.158096      19.214621      15.485793      13.058509       9.271907       7.853278       4.745468       6.443736       8.226450      11.647397      14.402132      16.805559      20.345364      22.416018
      25.748991      22.768826      19.469076      16.016956      16.585791      13.038972      10.140310       6.944052       3.824978       0.000000       3.823433       7.029298      10.318878      13.948155      15.321210      16.903694      14.662798      12.834319       9.238880       8.931149       8.167294      10.639886      12.388466      15.963386      18.520849      22.059834      24.536047      24.769131      26.338179      24.050978      21.995094      19.078556      17.376150      13.890923      13.837631      11.938379      12.451460      15.113411      17.219252      18.462259      19.148088      20.843519      20.052088      22.132732      22.580994      19.133242      17.439657      17.568291      17.068516      18.750097      19.155708      22.249035      22.154623      21.979176      18.579782      16.011324      14.089859      12.679474      13.198749      12.963243      15.157621      16.164074      13.716593      15.628655      14.979753      15.131356      11.890553      10.886794       9.656125       7.572342       7.945423      10.652500      12.712109      16.385202      19.063759      22.376301      21.421913      17.881388      14.899258      11.158448       8.487944       4.662668       3.602551       4.978099       8.046334      11.100124      13.346153      17.016298      19.292103
      28.480600      25.408167      22.306593      18.720684      19.044439      15.303670      12.924487       9.390703       6.204854       3.823433       0.000000       3.823905       6.866558      10.593307      12.324927      13.644956      11.128352       9.690487       6.556633       7.268473       8.258677      11.283368      13.974629      17.576656      20.527323      24.147064      26.375887      26.128773      27.576399      25.423935      23.149960      20.548813      18.551996      14.987758      14.999621      12.912087      14.090560      16.894287      18.308254      19.379225      19.311789      20.659456      19.394846      20.936396      20.769192      17.264503      16.091122      16.152105      16.420536      18.116348      19.212164      22.409142      22.959723      23.013437      19.356215      16.662855      13.975974      12.143925      11.559000      11.071259      12.508734      13.290282      11.417574      13.685317      13.483995      14.475154      11.315275      10.779615      10.838281       9.725208       9.790599      13.133714      14.817855      18.630421      21.206947      24.736624      24.232983      20.698057      17.886265      14.226954      11.773264       8.060833       6.434095       5.191957       7.121817       9.123998      10.993908      14.417488      16.255463
      31.911934      28.958300      25.921038      22.403078      22.851715      19.116905      16.665180      13.071586       9.988167       7.029298       3.823905       0.000000       3.824780       7.134158       9.349147      11.238310       9.187811       9.091623       7.129909       9.441366      11.303009      14.647254      17.542459      21.191120      24.122932      27.798113      29.870914      29.414568      30.619072      28.341028      25.773428      23.163204      20.729948      17.035822      16.455524      13.787245      14.852372      18.026215      19.022644      20.432755      19.834162      21.312269      20.117270      21.020418      20.338196      16.671665      16.357971      16.967760      18.007805      20.063810      21.707598      25.068050      25.919661      26.278362      22.553013      19.651972      16.661463      14.268351      12.794178      11.351960      11.712538      11.407125       9.699971      11.443519      10.983549      12.842769      10.360862       9.583301      10.963264      11.178515      11.915964      15.572447      17.547688      21.344521      24.150003      27.779007      27.412024      24.012383      21.015562      17.480225      14.672614      11.086275       8.460810       5.855169       5.426135       6.327536       7.402717      10.742649      12.476275
      33.796211      30.916798      28.158203      24.681458      25.245846      21.515392      19.252539      15.494916      12.868504      10.318878       6.866558       3.824780       0.000000       3.825676       5.900815       7.476737       5.698483       6.669564       6.339413       9.718531      12.434343      15.966427      19.223158      22.842436      25.822098      29.556763      31.257874      30.354311      31.238749      28.973566      26.154392      23.823112      21.109945      17.543243      16.945219      14.377525      16.036194      18.992043      19.231676      20.380953      19.076702      20.192144      18.723999      18.987410      17.745686      14.153695      14.551854      15.361313      17.164488      19.374445      21.623238      25.063738      26.383900      27.149443      23.364717      20.294016      16.947306      14.129303      11.752739       9.730260       8.955990       8.018249       7.145338       9.158319       9.637698      12.122610      10.017757      10.267493      12.479867      13.230123      13.518346      17.327761      18.951036      22.675613      25.405737      29.164875      29.254845      25.999071      23.121607      19.808441      17.196678      13.890994      11.485274       8.140830       6.975781       5.530501       6.323096       8.629777       9.982940
      37.339443      34.547680      31.860716      28.431217      29.055170      25.329962      23.053007      19.282629      16.668791      13.948155      10.593307       7.134158       3.825676       0.000000       3.827115       5.946013       5.722103       8.482491       9.499300      13.114838      16.035789      19.588148      22.909756      26.511562      29.471695      33.220825      34.782833      33.702221      34.387585      32.077755      29.084904      26.834208      23.886284      20.387842      19.454416      16.697678      18.246054      21.254353      21.074667      22.368534      20.599606      21.680408      20.281197      19.849150      18.052076      14.617917      15.949277      17.157803      19.535879      21.889072      24.499554      27.961899      29.518467      30.502811      26.721809      23.585032      20.132912      17.115534      14.289443      11.794350       9.875878       7.527041       7.595600       8.553033       9.080607      12.392099      11.366006      11.641319      14.628072      16.114836      16.690878      20.510040      22.217403      25.846979      28.657988      32.447689      32.670616      29.529356      26.585646      23.381739      20.643578      17.448179      14.752046      11.237062       9.030499       6.204556       5.176169       5.756577       6.367499
      36.869503      34.330116      31.923697      28.709644      29.748392      26.167044      23.765720      19.946562      17.928020      15.321210      12.324927       9.349147       5.900815       3.827115       0.000000       3.823341       5.833665       8.277621       9.691810      13.516008      16.257898      19.944611      23.161631      26.778833      29.470449      33.264034      34.469151      33.152859      33.415707      30.920204      27.670177      25.490187      22.264118      18.946917      17.759045      15.140827      17.014824      19.670303      18.876694      20.033661      17.840561      18.845547      17.640928      16.805672      14.944337      11.537668      13.414826      15.242205      17.928734      20.673895      23.526400      27.116098      28.725639      30.167662      26.488668      23.100176      19.745420      16.330952      13.392565      10.222415       7.939075       4.675685       4.821332       5.351976       7.101261      10.213539       9.600372      10.890955      14.055686      15.854624      16.166950      19.874935      21.422575      24.817997      27.667273      31.470802      32.016563      29.156462      26.233286      23.387009      20.752234      18.032480      15.551402      11.754945       9.668743       6.090643       6.408225       6.007300       7.478601
      37.066883      34.453709      32.290665      29.052338      29.916126      26.374266      24.404510      20.619694      18.878403      16.903694      13.644956      11.238310       7.476737       5.946013       3.823341       0.000000       3.823144       6.595133       9.369419      12.947894      16.133713      19.543877      22.995665      26.380249      29.198914      32.913059      33.852676      32.178387      32.354492      30.135027      26.944853      25.237774      22.181957      19.208330      18.649338      16.681416      19.172453      21.378643      20.231541      20.704035      18.151030      18.367483      16.501347      15.287118      12.842752       9.905102      12.052629      13.329052      16.473833      18.864534      22.060822      25.463518      27.509722      29.071795      25.422691      22.192118      18.640966      15.381477      11.924754       9.178473       5.843392       2.821756       5.819592       7.716136      10.472665      13.066530      11.995526      13.972796      16.722677      17.960409      17.503498      21.118063      22.031322      25.341829      27.805550      31.623543      32.538834      29.691689      27.124300      24.375927      22.214167      19.561979      17.648085      13.944098      12.645662       9.446435      10.016082       9.414026       9.756216
      35.347816      32.478970      30.180305      26.757771      27.234446      23.607784      21.930826      18.207722      16.251202      14.662798      11.128352       9.187811       5.698483       5.722103       5.833665       3.823144       0.000000       3.824466       6.838697      10.141913      13.674303      16.874163      20.506241      23.800537      26.886883      30.541449      31.706461      30.152210      30.720762      28.757280      25.861668      24.221294      21.539440      18.499453      18.504000      16.726332      19.283876      21.565594      20.926098      21.231321      19.122929      19.222408      16.975088      16.442924      14.325442      11.353369      12.441536      12.762550      15.496268      17.378809      20.347273      23.600727      25.660877      26.816813      23.073019      20.102707      16.398104      13.564299      10.108539       8.314123       5.652570       5.026145       7.102885       9.990391      12.246695      14.684117      12.748086      14.381292      16.621481      17.165037      16.427795      20.076525      20.805851      24.305000      26.562767      30.371811      31.132191      28.033216      25.625233      22.628119      20.667995      17.725353      16.103994      12.717360      12.090836       9.742466      10.461056      10.953151      11.127350
      31.742218      28.857267      26.687223      23.312792      23.836983      20.312597      18.804825      15.171279      13.737671      12.834319       9.690487       9.091623       6.669564       8.482491       8.277621       6.595133       3.824466       0.000000       3.825823       6.668698      10.208903      13.287119      16.920769      20.142282      23.189569      26.825127      27.908537      26.327770      26.931856      25.025810      22.233446      20.695948      18.242336      15.350688      15.914690      14.708415      17.628962      19.516102      18.989758      18.861732      17.045164      16.901394      14.411361      14.557840      13.062910      10.109845      10.054505       9.732526      12.034725      13.780008      16.597225      19.872009      21.856243      23.003408      19.266745      16.284470      12.575659       9.802483       6.385401       5.325875       4.112321       6.077953       7.174202      10.844855      13.243725      14.819820      12.098339      14.116929      15.548415      15.330237      13.881587      17.310499      17.585754      21.029844      23.056538      26.840412      27.708355      24.616890      22.442863      19.564196      18.030441      15.341850      14.451929      11.443972      11.987988      10.534178      12.345154      13.649112      14.488652
      28.682243      25.759132      23.364599      19.944715      20.585825      17.010950      15.200093      11.485833      10.058314       9.238880       6.556633       7.129909       6.339413       9.499300       9.691810       9.369419       6.838697       3.825823       0.000000       3.825048       6.923393      10.387549      13.851922      17.327431      20.308582      24.027914      25.412148      24.238012      25.071175      22.987082      20.300182      18.341190      16.002058      12.803251      13.403117      12.137248      14.848128      16.826717      16.910955      17.000740      15.900419      16.272730      14.218457      15.274712      14.693172      11.461313      10.379320      10.123642      11.299267      13.189933      15.311389      18.724665      20.122625      21.003565      17.225304      14.122889      10.664449       7.904982       5.721566       5.074875       6.381744       8.385923       7.622169      11.144467      12.804929      13.778609      10.458183      12.083789      12.779925      11.980763      10.447309      13.894135      14.396815      18.022333      20.226086      24.000870      24.525286      21.302994      18.964737      15.917356      14.290974      11.536984      10.897868       8.295373       9.792474       9.544376      12.031569      14.291311      15.828637
      25.773325      22.660334      20.313955      16.816433      17.174156      13.652054      12.355984       8.946079       8.210151       8.931149       7.268473       9.441366       9.718531      13.114838      13.516008      12.947894      10.141913       6.668698       3.825048       0.000000       3.825701       6.746152      10.404499      13.709566      16.878994      20.517805      21.993885      20.902174      22.068678      20.275129      18.000443      16.271591      14.613308      11.800131      13.370559      12.960328      15.713865      17.197296      17.641445      17.237953      16.699936      16.744019      14.487497      16.255949      16.214983      13.463085      11.402814      10.085460      10.097977      11.151360      12.618666      15.785458      17.029945      17.529755      13.718209      10.909454       7.483480       5.766195       5.087873       6.776521       9.099029      11.853314      11.116015      14.627254      16.171288      16.630594      12.998793      14.500792      14.267629      12.436743      10.109568      12.913177      12.683105      16.214170      17.920341      21.573183      22.088161      18.731867      16.843170      13.824022      12.988350      10.531825      11.132302       9.729881      12.252967      12.851928      15.443901      17.974150      19.478832
      22.076767      18.979799      16.561552      13.112402      13.819472      10.433070       8.889235       5.643631       6.365280       8.167294       8.258677      11.303009      12.434343      16.035789      16.257898      16.133713      13.674303      10.208903       6.923393       3.825701       0.000000       3.826742       6.951952      10.552260      13.466477      17.199516      18.839605      18.132389      19.430847      17.462488      15.387276      13.343001      12.100255       9.420777      11.448239      11.653476      14.171318      15.193117      16.139851      15.610640      15.890188      16.177666      14.415535      16.948450      17.732132      15.120688      12.356598      11.113042       9.801359      10.765365      11.134394      14.267966      14.713073      15.017573      11.332027       8.415549       5.946061       5.081034       6.872522       8.710778      11.899441      14.680122      13.215029      16.373592      17.537800      17.236702      13.427543      14.734925      13.500245      10.817086       7.903766       9.923409       9.330479      12.827836      14.472375      18.053432      18.355911      14.936070      13.113845      10.161505       9.877478       8.116814       9.928731       9.705075      13.042315      14.469038      17.464670      20.349667      22.306061
      19.675623      16.323671      14.057707      10.568581      10.749134       7.611897       7.365302       5.659626       7.629823      10.639886      11.283368      14.647254      15.966427      19.588148      19.944611      19.543877      16.874163      13.287119      10.387549       6.746152       3.826742       0.000000       3.825762       6.979589      10.266291      13.839672      15.614233      15.047308      16.853895      15.405504      14.077625      12.569100      12.460519      10.749210      13.543212      14.496177      16.852596      17.339552      18.466642      17.470671      18.147179      18.037064      16.151783      19.014278      20.062050      17.930220      14.804928      12.854392      10.707605      10.433479       9.647448      12.055322      12.153659      11.759815       8.130595       6.103627       4.787617       6.503303       9.166791      11.862630      15.038294      18.126558      16.918385      20.138783      21.341791      20.886106      17.072046      18.303988      16.674740      13.548882      10.439692      11.298815       9.720405      12.564931      13.263187      16.472683      16.786665      13.306485      12.384627       9.846889      10.880174       9.906295      12.575078      13.121264      16.620810      18.249252      21.158459      24.085960      25.904615
      15.992708      12.559961      10.257171       6.846285       7.414926       5.009645       5.359937       5.770549       9.035751      12.388466      13.974629      17.542459      19.223158      22.909756      23.161631      22.995665      20.506241      16.920769      13.851922      10.404499       6.951952       3.825762       0.000000       3.824309       6.683559      10.343035      12.435069      12.536909      14.648273      13.216178      12.527604      10.959262      11.809456      10.851466      13.853164      15.368629      17.286047      17.208185      18.727123      17.591503      18.982832      19.008375      17.620932      20.904087      22.494036      20.547880      17.134169      15.338304      12.493572      12.009604      10.029510      11.804848      10.713966       9.769035       6.858895       5.735626       6.843411       9.078171      12.383344      14.897966      18.344810      21.399429      19.840397      22.793139      23.744465      22.800274      19.044031      20.085466      17.820148      14.280886      11.152284      10.697387       8.536618      10.567024      10.654211      13.434458      13.440750       9.927294       9.675529       7.806271      10.081925      10.344195      13.748143      15.107946      18.844795      20.889616      23.964890      27.063351      29.141228
      14.029444      10.396959       8.716267       5.991014       5.653728       5.222472       7.513008       9.227335      12.407079      15.963386      17.576656      21.191120      22.842436      26.511562      26.778833      26.380249      23.800537      20.142282      17.327431      13.709566      10.552260       6.979589       3.824309       0.000000       3.824286       6.963383       9.231379       9.693222      12.489001      11.908080      12.353102      11.688060      13.594104      13.572409      16.848234      18.781654      20.637459      20.159847      21.635799      20.134722      21.688105      21.354380      19.903049      23.285622      25.024532      23.474432      19.915241      17.734905      14.570127      13.236109      10.402869      10.901242       9.171782       7.061875       5.300264       6.474159       8.846132      11.910032      15.277332      18.149195      21.534681      24.785778      23.434740      26.463469      27.524858      26.504295      22.768154      23.863811      21.480398      17.863497      14.742020      13.739274      11.103306      12.052814      10.906250      12.794679      12.914066       9.838712      10.977073      10.148052      13.119691      13.830360      17.370264      18.908434      22.653431      24.696516      27.740046      30.813631      32.791752
      10.273550       6.706423       5.881781       4.850886       5.830253       7.368979       9.232058      11.583116      15.144323      18.520849      20.527323      24.122932      25.822098      29.471695      29.470449      29.198914      26.886883      23.189569      20.308582      16.878994      13.466477      10.266291       6.683559       3.824286       0.000000       3.823469       6.122484       7.598817      10.365801       9.781937      11.034233      10.592196      13.318757      14.132171      17.365433      19.772263      21.358530      20.276436      21.815844      20.110851      22.137949      21.841286      20.874018      24.487707      26.683693      25.359102      21.642405      19.703175      16.181622      14.953356      11.595148      11.572937       8.692157       6.592422       6.738728       8.205288      11.455632      14.284204      17.935404      20.578289      24.152847      27.384548      25.792521      28.588789      29.568069      28.112070      24.514374      25.640156      22.899063      19.213146      16.123466      14.244155      11.267708      10.967373       8.879811       9.802224       9.904435       7.509220       9.864767      10.407781      13.985279      15.617269      19.354506      21.152229      24.951691      27.116404      30.356237      33.453407      35.678375
       8.832934       5.519383       6.290073       7.094817       7.180669       9.978247      12.357827      15.126740      18.586136      22.059834      24.147064      27.798113      29.556763      33.220825      33.264034      32.913059      30.541449      26.825127      24.027914      20.517805      17.199516      13.839672      10.343035       6.963383       3.823469       0.000000       3.820640       6.836267      10.079288      10.577115      12.912830      13.169328      16.361391      17.624561      20.835739      23.385567      24.823021      23.528063      25.091925      23.255550      25.416704      24.968904      24.056423      27.682388      29.973013      28.875013      25.116991      23.034319      19.432020      17.828146      14.209968      13.260143      10.061082       7.292771       9.073627      11.431115      14.833890      17.883438      21.499008      24.270817      27.805380      31.109524      29.589430      32.393967      33.371586      31.849924      28.285517      29.364494      26.518982      22.798904      19.818058      17.693058      14.727126      13.811182      11.094754      10.719419      10.708567       9.385560      12.506677      13.612190      17.318386      19.126204      22.908190      24.876509      28.687838      30.918512      34.131809      37.255039      39.446602
       8.708048       6.672605       8.929379      10.186866      10.856176      13.234523      15.322410      17.626392      21.205400      24.536047      26.375887      29.870914      31.257874      34.782833      34.469151      33.852676      31.706461      27.908537      25.412148      21.993885      18.839605      15.614233      12.435069       9.231379       6.122484       3.820640       0.000000       3.802174       6.735155       8.063097      11.181513      12.445944      16.029102      18.028248      21.412920      24.387753      26.116928      24.392168      25.471718      23.153698      25.179852      24.289608      23.387747      26.974726      29.456844      28.829260      25.018051      22.840519      19.112066      17.250259      13.440806      11.818954       8.307673       6.200785       9.206658      11.742498      15.454637      18.501335      22.117239      24.939119      28.437281      31.884453      30.544590      33.362793      34.653652      32.974731      29.494320      30.979019      28.225872      24.652058      21.405134      19.199097      15.809392      14.323363      10.959445      10.053141      11.226655      10.876155      14.245408      15.840758      19.555939      21.522631      25.243816      26.861837      30.617535      32.545475      35.906414      38.821228      41.023651
      11.661674       9.883931      11.802878      12.282461      13.010972      14.553726      16.495424      18.089876      21.563360      24.769131      26.128773      29.414568      30.354311      33.702221      33.152859      32.178387      30.152210      26.327770      24.238012      20.902174      18.132389      15.047308      12.536909       9.693222       7.598817       6.836267       3.802174       0.000000       3.823086       6.117603       9.241988      11.432675      14.900846      17.159811      20.784369      23.918678      26.129271      24.357172      24.898584      22.203798      23.754042      22.347620      21.099369      24.509090      26.904654      26.650164      22.879278      20.445444      16.776180      14.525572      10.723433       8.511690       5.158593       3.935953       7.487926      10.128808      13.772306      16.866301      20.285387      23.255524      26.577374      30.168808      29.176130      32.132660      33.806847      32.238323      28.772108      30.666889      28.235487      24.861025      21.327145      19.519430      15.855577      14.591248      11.260262      11.060105      13.195658      12.707980      15.629675      16.939007      20.408371      22.073587      25.607277      26.705406      30.340235      31.858376      35.241871      37.898521      39.954830
      12.484276      11.654805      13.959633      14.702819      16.109665      17.379658      18.746653      19.925537      23.459959      26.338179      27.576399      30.619072      31.238749      34.387585      33.415707      32.354492      30.720762      26.931856      25.071175      22.068678      19.430847      16.853895      14.648273      12.489001      10.365801      10.079288       6.735155       3.823086       0.000000       3.825523       7.293459      10.373685      13.866932      16.769102      20.278316      23.729277      26.080179      23.894480      23.951126      20.892923      22.333290      20.623049      19.629204      22.964153      25.641119      25.800533      22.074877      19.878361      16.209309      14.208086      10.636166       8.505917       5.362338       6.666076       9.527437      11.198664      14.743867      17.310316      20.635031      23.320908      26.594288      30.146467      29.180758      31.962545      33.828690      32.021011      28.767822      30.985941      28.630577      25.506287      21.895718      19.983831      16.184053      14.419506      10.950705      10.540923      13.546036      13.769306      16.544664      18.258745      21.569506      23.458792      26.836208      27.629856      31.122765      32.371140      35.896919      38.333839      40.499893
