       0.000000       3.822007       6.875023      10.366225      13.185720      15.667145      18.141554      18.771292      15.549905      16.822727      20.522158      22.925501      22.210340      18.489138      18.272324      21.007046      18.887039      16.177183      19.210920      20.636265      17.907295      18.420309      22.231567      22.457237      20.942823      19.102856      16.093014      16.362356      18.778645      19.594572      16.832115      14.007228      16.686981      16.497864      12.890474      13.844230      17.054296      15.922523      13.641500      16.962004      18.635811      16.693216      17.086113      20.876083      21.629000      24.227245      26.557753      25.914248      22.163738      21.391409      25.149300      25.114439      24.339212      25.809013      28.744923      30.376888      33.815605      36.583851      37.643974      35.002686      32.024673      28.552402      27.354120      24.106491      26.274168      28.890600      25.882483      24.351418      27.953012      28.700848      25.771675      26.393507      29.872332      28.550419      27.311516      30.529509      32.363064      30.552567      29.909147      26.089848      24.147671      24.199486      21.631979      20.897673      23.824526      25.371655
       3.822007       0.000000       3.819108       6.782478       9.524120      12.277533      14.906881      15.198528      12.056360      13.802185      17.559637      20.188875      19.903996      16.232752      15.902938      19.047539      17.437309      14.777092      17.884550      19.709284      17.564775      18.079979      21.788282      22.345232      21.414885      19.742706      17.132078      18.159592      20.276020      20.612204      18.102747      15.106997      17.070751      16.645649      12.907334      13.271069      16.105984      14.813132      11.918101      14.953465      16.594805      14.239738      14.236254      18.018566      18.950520      21.737865      24.350876      24.140085      20.339016      20.166164      23.881044      23.550463      23.300220      25.068623      27.640085      29.208719      32.435825      35.460335      36.537231      33.697762      30.884968      27.546892      26.320448      22.839170      24.604111      27.098309      24.072609      22.179333      25.617130      26.348797      23.197029      23.545954      26.989990      25.684355      24.133955      27.281162      29.239368      27.396395      26.509262      22.707403      20.564266      20.787840      18.317030      17.467115      20.488380      22.348082
       6.875023       3.819108       0.000000       3.795240       6.937398       8.947024      11.282166      12.021401       9.014297      10.402674      14.212206      16.605076      16.537798      13.007157      12.263260      15.485698      14.243653      11.474874      14.479307      16.592945      14.910444      15.310979      18.860931      19.706364      19.234369      17.863161      15.650986      17.369690      19.071127      18.970320      16.892092      13.776217      14.962153      14.534194      10.964890      10.564188      13.103609      12.077843       8.739774      11.389987      13.314910      11.176489      10.678136      14.407320      15.662496      18.243475      21.038614      20.841835      17.036903      17.067421      20.674294      20.059315      20.029465      22.052441      24.399559      25.824772      28.944183      32.082558      33.110626      30.176123      27.448023      24.201418      22.984118      19.421190      21.034899      23.421339      20.386398      18.415705      21.832029      22.541103      19.394361      19.763908      23.216505      21.968132      20.549273      23.692059      25.651001      23.975864      23.176720      19.361740      17.401175      17.328053      14.851241      14.436306      17.680130      19.559696
      10.366225       6.782478       3.795240       0.000000       3.818722       6.023595       8.386605       8.429323       5.526248       7.798371      11.543721      14.262121      14.815104      11.562746      10.768846      14.418905      13.956626      11.638362      14.495501      16.883200      16.023710      16.500616      19.679010      20.763250      20.941969      19.728401      18.057365      20.267405      21.732706      21.309685      19.586739      16.514698      16.995787      16.469255      13.199380      12.147266      13.953725      12.965890       9.257005      10.917210      12.744542      10.260703       8.843448      12.301609      13.961724      16.655127      19.818087      20.185835      16.490515      17.291973      20.631844      19.591909      20.199701      22.542271      24.375834      25.620241      28.409452      31.794060      32.771694      29.633188      27.132069      24.164810      22.885481      19.169432      20.152079      22.356457      19.447285      16.989412      20.055058      20.808693      17.443386      17.315660      20.708055      19.586729      17.721695      20.686480      22.880690      21.246578      20.048428      16.279873      13.955813      14.041188      11.647738      11.014190      14.373165      16.661312
      13.185720       9.524120       6.937398       3.818722       0.000000       3.816394       7.231696       6.933236       5.769200       8.790071      12.087358      14.580509      16.053440      13.397844      11.931912      15.621240      16.024178      13.654744      15.836198      18.741365      18.392574      18.326967      21.219034      22.841312      23.209557      22.475904      20.859917      23.117348      24.147635      23.204313      21.433203      18.766081      18.872206      17.721718      14.633554      13.829008      14.724187      13.125154       9.707322      10.922541      11.755510       8.612258       7.383174      10.528529      11.699054      14.838143      17.954811      18.988808      15.498152      17.067772      20.209675      19.318363      20.588789      22.748383      24.137341      25.613848      28.085308      31.582073      32.838757      29.745190      27.649313      24.792725      23.918926      20.277245      20.984480      22.640749      19.596809      17.148203      19.886509      20.120272      16.462666      16.371260      19.359621      17.817724      15.526182      18.611467      20.582523      18.546322      17.274025      13.550269      11.242547      12.208981      10.745108      10.556540      14.169246      17.098234
      15.667145      12.277533       8.947024       6.023595       3.816394       0.000000       3.820508       5.078054       5.465290       7.229375      10.037186      11.785336      13.761331      11.732076       9.477115      12.935867      14.069034      11.816987      13.324608      16.505770      16.806295      16.456648      18.888344      20.849804      21.648933      21.355185      20.182932      22.824791      23.386593      22.043802      20.764742      18.278986      17.617325      16.460810      13.983117      12.580056      12.677675      11.489811       8.239762       8.190353       9.031580       6.505850       4.035983       6.805658       8.560550      11.336097      14.692873      15.786547      12.459337      14.401852      17.196920      15.998233      17.632774      19.960302      20.981009      22.297218      24.573118      28.148989      29.382803      26.254320      24.346619      21.659828      20.935457      17.382349      17.863316      19.194460      16.148649      13.721049      16.331165      16.364315      12.671106      12.736905      15.662791      14.062551      11.994820      15.214869      17.092047      15.255990      14.256621      10.443666       8.697104       9.155391       8.030142       9.098887      12.919238      15.743456
      18.141554      14.906881      11.282166       8.386605       7.231696       3.820508       0.000000       3.821539       5.369427       5.210702       6.951384       8.120548      10.532849       9.270987       6.783141      10.005138      11.863707      10.401570      11.503062      14.491172      15.575170      15.506054      17.364206      19.257851      20.695896      20.490683      19.999205      23.080618      23.485647      22.108759      21.480455      18.922802      17.622633      16.984350      15.132707      12.863040      12.587130      12.435976       9.390405       7.795398       9.367632       8.284012       4.548396       5.463498       8.674327      10.277218      14.007674      14.971523      11.998362      14.030309      16.268478      14.300905      16.130150      18.944721      19.579662      20.319624      22.361006      26.051895      26.941132      23.604582      21.729340      19.414402      18.414589      14.868659      14.745439      16.052612      13.372301      10.495409      12.810589      13.236475       9.679434       9.179003      12.382663      11.413472       9.572145      12.448511      14.724836      13.637689      12.526288       8.876763       7.350794       6.279590       4.688336       6.865003      10.529346      12.994365
      18.771292      15.198528      12.021401       8.429323       6.933236       5.078054       3.821539       0.000000       3.820712       5.448837       6.749931       9.166229      11.600274      10.262938       9.066494      12.477503      14.095073      13.153808      14.800002      17.394918      18.383459      18.800167      20.769577      22.317732      23.801476      23.170502      22.666365      25.695215      26.494133      25.419333      24.618389      21.820713      20.883781      20.368086      18.152073      16.022911      16.191446      15.832705      12.526601      11.492961      12.902387      11.133279       7.805650       8.678663      11.510741      13.428517      17.144281      18.518324      15.652655      17.811308      20.046608      18.021000      19.887877      22.760983      23.321417      23.934917      25.801933      29.544268      30.294403      26.850613      25.008156      22.904202      21.630823      18.033960      17.485193      18.943960      16.659584      13.422029      15.201857      15.993558      12.552316      11.088775      14.074952      13.546926      10.881131      13.105145      15.893496      14.822281      12.765451       9.377335       6.393383       6.052635       4.200812       4.271718       8.007302      11.174316
      15.549905      12.056360       9.014297       5.526248       5.769200       5.465290       5.369427       3.820712       0.000000       3.819965       6.773365       9.960562      11.181657       8.713242       8.327784      12.087638      12.649034      11.565249      14.072786      16.297472      16.621338      17.500124      19.943800      21.017132      22.167114      21.039505      20.314470      23.190514      24.437836      23.836695      22.860678      19.735424      19.304010      19.155689      16.570620      14.468482      15.522061      15.312495      11.618199      11.428360      13.537663      11.657339       8.622167      10.715062      13.472570      15.542146      19.195639      19.987625      16.706253      18.162611      20.847109      18.943562      20.134809      23.050987      24.191057      24.818035      27.119488      30.743244      31.363499      27.920488      25.632067      23.246653      21.638313      17.870945      17.799278      19.895752      17.543482      14.362204      16.725218      17.934959      14.660509      13.476662      16.881561      16.481081      14.266588      16.588745      19.361000      18.328485      16.511162      13.015370      10.186487       9.567692       6.699785       5.488636       8.928534      11.469769
      16.822727      13.802185      10.402674       7.798371       8.790071       7.229375       5.210702       5.448837       3.819965       0.000000       3.822393       6.697482       7.444160       5.052859       4.826493       8.450256       9.155238       8.764478      11.159829      13.005403      13.803886      15.007570      17.066513      17.935768      19.518028      18.432692      18.287794      21.522367      22.612267      22.044453      21.648432      18.477213      17.535303      17.932739      15.910965      13.095030      14.042902      14.760545      11.280398      10.234063      13.066446      12.266042       8.783142      10.250484      13.619862      14.812113      18.509884      18.797632      15.692267      16.787254      19.157232      16.783882      17.723608      20.973581      22.062338      22.228865      24.540329      28.120605      28.413324      24.875643      22.422070      20.216608      18.284100      14.525057      14.249924      16.621912      14.579729      11.250522      13.675900      15.390740      12.565846      11.268526      14.970622      15.124570      13.620059      15.692732      18.549086      18.148024      16.650702      13.333809      11.149652       9.201483       5.623217       5.429633       8.406517       9.908568
      20.522158      17.559637      14.212206      11.543721      12.087358      10.037186       6.951384       6.749931       6.773365       3.822393       0.000000       3.822161       5.207547       4.918884       5.498875       7.885918       9.511052      10.419470      12.094051      13.436393      15.106442      16.530800      17.858744      18.595196      20.812820      19.844364      20.366440      23.856236      24.770039      24.142666      24.240959      21.163897      19.746159      20.406044      18.879072      15.717017      16.192551      17.375479      14.236351      12.358542      15.102935      14.839993      11.078739      11.309916      15.037598      15.496311      19.232939      19.637072      17.047812      18.354597      20.104843      17.193010      18.387501      21.907084      22.487228      22.090420      23.969492      27.600428      27.526657      23.824968      21.556166      19.944893      17.751654      14.224699      12.957395      15.202897      13.924506      10.201971      11.703675      13.998056      11.707127       9.423229      13.003403      14.063406      12.700288      13.913955      17.142126      17.475033      15.722963      13.001063      10.998080       8.097665       4.436964       4.471592       6.090976       6.837890
      22.925501      20.188875      16.605076      14.262121      14.580509      11.785336       8.120548       9.166229       9.960562       6.697482       3.822161       0.000000       3.810664       5.895294       5.298346       5.851923       8.718579      10.140922      10.625179      11.832953      14.344254      15.461773      16.011923      16.981590      19.669130      19.237688      20.252274      23.925770      24.334932      23.385004      23.994516      21.246902      19.196781      19.948639      19.117989      15.693174      15.475736      17.181765      14.652927      11.940760      14.600474      15.250231      11.549826      10.753313      14.566765      14.068533      17.596373      17.744415      15.691907      16.954342      18.067192      14.771219      16.104946      19.749500      19.913046      19.096413      20.698296      24.312050      24.052999      20.303644      18.201199      16.966536      14.811276      11.581578       9.688979      11.626810      10.792368       6.995220       7.981044      10.625569       8.998832       6.573300      10.136581      11.742104      11.294978      12.160769      15.159744      16.101271      14.891468      12.622403      11.690994       8.101707       5.582977       7.507298       8.579979       8.534908
      22.210340      19.903996      16.537798      14.815104      16.053440      13.761331      10.532849      11.600274      11.181657       7.444160       5.207547       3.810664       0.000000       3.805633       5.209333       4.688534       6.232576       8.830218       9.849543       9.890720      12.239622      14.180195      14.737868      14.882415      17.660595      16.736172      18.132305      21.855608      22.567011      22.131203      23.000618      20.028070      18.126564      19.574999      18.841175      15.184905      15.629884      17.870216      15.323482      13.011533      16.264540      17.097460      13.591700      13.495800      17.232721      16.735056      20.113884      19.646587      17.423187      17.911713      19.174688      15.872837      16.334173      20.105503      20.741859      19.636866      21.581856      24.951294      24.311081      20.573881      17.939972      16.670042      13.852877      10.619498       8.989811      11.937040      11.508798       8.125037       9.554674      12.729007      11.702922       9.873481      13.339954      15.047247      14.973577      15.861873      18.745052      19.749920      18.686468      16.306368      15.207860      11.776697       8.768682       9.628287      10.246740       9.082689
      18.489138      16.232752      13.007157      11.562746      13.397844      11.732076       9.270987      10.262938       8.713242       5.052859       4.918884       5.895294       3.805633       0.000000       3.813543       5.463491       5.203918       6.834298       9.231473       9.639215      10.841255      12.987003      14.507871      14.550362      16.644361      15.258022      16.013193      19.561487      20.699011      20.539911      20.907888      17.637323      16.333517      17.739035      16.425089      12.962102      14.164228      16.069841      13.093650      11.615960      15.121727      15.415031      12.102078      13.075844      16.625353      16.871393      20.338053      19.824459      17.017824      17.279825      19.248274      16.427490      16.584555      20.168594      21.395126      20.851805      23.266930      26.617142      26.313295      22.709843      19.839727      17.918510      15.258263      11.651067      11.207451      14.344711      13.068200       9.895871      12.292067      14.905688      13.148687      11.870069      15.626591      16.581703      16.069595      17.640244      20.469893      20.814445      19.688002      16.748514      15.171535      12.341786       8.802304       8.953787      10.415898      10.000437
      18.272324      15.902938      12.263260      10.768846      11.931912       9.477115       6.783141       9.066494       8.327784       4.826493       5.498875       5.298346       5.209333       3.813543       0.000000       3.811024       5.196257       5.151138       6.688850       8.481543      10.011842      11.062438      12.562981      13.570413      15.572183      14.990696      15.426456      18.978161      19.527624      18.710297      19.000219      16.090147      14.356330      15.177356      14.075360      10.621563      11.064118      12.869127      10.138258       8.057832      11.469390      12.133943       8.858045       9.585159      13.059022      13.155799      16.564270      16.045641      13.227068      13.702044      15.666206      12.944098      13.473340      16.967598      18.071190      17.879143      20.334373      23.790421      23.901035      20.385481      17.736782      15.510159      13.466026       9.700895       9.685506      12.273594      10.232057       7.184695      10.206785      12.101020       9.943680       9.452326      13.229568      13.564124      13.325500      15.417815      17.815607      17.887774      17.248428      14.166640      13.204185      10.496153       7.554519       9.155814      11.560567      12.028691
      21.007046      19.047539      15.485698      14.418905      15.621240      12.935867      10.005138      12.477503      12.087638       8.450256       7.885918       5.851923       4.688534       5.463491       3.811024       0.000000       3.816437       5.513900       5.300099       5.988496       8.751222       9.920153      10.330591      11.146228      13.855254      13.660484      14.945469      18.695774      18.836630      17.953810      19.006977      16.396198      14.021237      15.377753      15.182642      11.440485      11.399688      14.071591      12.164637       9.529598      12.881042      14.493818      11.525100      11.437798      14.792028      13.916506      16.925402      15.827122      13.619980      13.583251      14.816593      11.638236      11.730979      15.485735      16.381691      15.503399      17.877701      21.178564      20.862598      17.283859      14.445418      12.560408      10.069263       6.447193       6.053859       9.109966       7.754778       5.082186       8.016117      10.456671       9.503032       9.302620      12.730377      13.628684      14.352193      15.983848      18.116714      18.804121      18.606480      15.998326      15.693032      12.528163      10.095983      12.070338      13.790356      13.421006
      18.887039      17.437309      14.243653      13.956626      16.024178      14.069034      11.863707      14.095073      12.649034       9.155238       9.511052       8.718579       6.232576       5.203918       5.196257       3.816437       0.000000       3.820889       5.388623       4.544642       6.040597       8.452188       9.604867       9.349905      11.644631      10.616038      11.943637      15.701326      16.367769      16.172771      17.195902      14.210752      12.343863      14.406307      14.010312      10.243833      11.367213      14.234393      12.197194      10.579641      14.303904      15.664883      13.068491      13.945361      17.058123      16.642212      19.529350      18.060291      15.490709      14.708007      16.441099      13.743418      12.882384      16.426384      18.062387      17.326120      20.141716      23.136005      22.715300      19.341175      16.057268      13.835782      11.000666       7.524113       8.351052      11.873414      10.554770       8.657146      11.666774      14.046989      13.069258      13.042650      16.533358      17.248175      17.790319      19.622055      21.797482      22.236979      21.964657      19.075174      18.362909      15.472558      12.529339      13.679040      15.383615      14.755415
      16.177183      14.777092      11.474874      11.638362      13.654744      11.816987      10.401570      13.153808      11.565249       8.764478      10.419470      10.140922       8.830218       6.834298       5.151138       5.513900       3.820889       0.000000       3.813369       5.250931       5.233077       6.402413       8.772797       9.485166      10.776416      10.157926      10.324695      13.889830      14.397188      13.818626      14.248331      11.251221       9.543393      11.065401      10.312107       6.570837       7.984935      10.591047       8.525023       7.455650      11.232451      12.494521      10.457480      11.995587      14.613729      14.660459      17.407505      15.875691      12.870848      11.904102      14.284190      12.229630      11.350788      14.531300      16.596916      16.663263      19.804983      22.823137      23.012171      19.868595      16.723684      13.825284      11.842162       8.245348      10.124680      13.021482      10.636942       9.193627      12.827559      14.295754      12.649150      13.401506      16.896303      16.748871      17.153463      19.631828      21.466753      21.287840      21.284399      18.064360      17.468348      15.171165      12.487758      13.898681      16.407297      16.623871
      19.210920      17.884550      14.479307      14.495501      15.836198      13.324608      11.503062      14.800002      14.072786      11.159829      12.094051      10.625179       9.849543       9.231473       6.688850       5.300099       5.388623       3.813369       0.000000       3.819172       5.539211       4.985126       6.002756       7.894580       9.774242      10.479174      11.176599      14.728221      14.250171      12.884921      13.988707      11.808202       8.985373      10.290238      10.760767       7.084164       6.702656      10.040899       9.175810       6.967991      10.277742      12.621872      10.894301      11.427836      13.771144      12.905693      15.190934      13.172864      10.750900       9.474987      11.155628       8.822172       7.742147      11.177364      12.999902      12.862651      16.029240      19.010393      19.257315      16.183741      13.119736      10.099485       8.513906       5.027186       7.610028       9.951965       7.327058       7.016717      10.678896      11.658813      10.654720      12.197792      15.214971      14.973821      16.184656      18.586506      19.910347      19.977160      20.569115      17.697540      17.905895      15.436867      13.465654      15.704400      18.161222      18.322550
      20.636265      19.709284      16.592945      16.883200      18.741365      16.505770      14.491172      17.394918      16.297472      13.005403      13.436393      11.832953       9.890720       9.639215       8.481543       5.988496       4.544642       5.250931       3.819172       0.000000       3.821846       5.276649       5.226777       5.194760       7.989645       8.210197      10.106633      13.839067      13.583312      12.963799      14.768571      12.488970       9.773514      12.206490      13.007686       9.370256       9.767000      13.343585      12.525725      10.730154      14.072707      16.347883      14.492689      15.013407      17.539560      16.482172      18.654358      16.397785      14.333818      12.662205      13.880535      11.440722       9.575429      12.934540      14.829598      13.924005      17.042212      19.645832      19.217503      16.166851      12.634408      10.069008       7.367014       4.453738       7.087942      10.213049       8.867141       8.750472      11.805002      13.544830      13.334505      14.375602      17.336761      17.748888      19.128170      21.085516      22.603954      23.101204      23.555765      20.852020      20.880013      18.055922      15.725945      17.541136      19.437002      18.861818
      17.907295      17.564775      14.910444      16.023710      18.392574      16.806295      15.575170      18.383459      16.621338      13.803886      15.106442      14.344254      12.239622      10.841255      10.011842       8.751222       6.040597       5.233077       5.539211       3.821846       0.000000       3.814297       5.858419       4.953318       5.851968       5.131938       6.387798      10.169331      10.411483      10.451221      11.923008       9.250730       7.241362      10.298481      10.800607       7.510862       9.187950      12.545574      11.748632      11.143918      14.516067      16.400372      15.080501      16.452700      18.623859      18.171125      20.243231      17.857525      15.355940      13.168972      15.093579      13.455407      11.111232      13.830256      16.481762      16.197428      19.656540      22.017693      21.860188      19.142229      15.565622      12.593869      10.407037       7.960781      10.901196      13.886353      12.118785      12.015207      15.364206      16.839544      16.137030      17.327160      20.479805      20.481642      21.537388      23.868475      25.389492      25.448011      25.856386      22.817820      22.545403      20.111845      17.522223      18.903654      21.074682      20.710550
      18.420309      18.079979      15.310979      16.500616      18.326967      16.456648      15.506054      18.800167      17.500124      15.007570      16.530800      15.461773      14.180195      12.987003      11.062438       9.920153       8.452188       6.402413       4.985126       5.276649       3.814297       0.000000       3.820887       5.387777       5.424281       6.884982       7.078720      10.309565       9.337006       8.042779       9.609108       7.785764       4.580298       7.151924       8.614865       5.673234       6.215751       9.836912      10.100116       9.430617      12.192952      14.606579      13.986154      15.162429      16.695656      16.046085      17.586256      14.852638      12.536628       9.834434      11.759560      10.755607       8.062130      10.317547      13.294225      13.589362      17.264265      19.530485      19.912775      17.501900      14.201526      10.709653       9.665410       7.620323      11.209123      13.331093      10.926213      11.713181      15.185851      15.793988      15.069074      17.049213      19.854603      19.269966      20.641987      23.268719      24.261427      24.053358      24.963472      21.982683      22.230589      20.103657      18.078718      20.021957      22.599669      22.701225
      22.231567      21.788282      18.860931      19.679010      21.219034      18.888344      17.364206      20.769577      19.943800      17.066513      17.858744      16.011923      14.737868      14.507871      12.562981      10.330591       9.604867       8.772797       6.002756       5.226777       5.858419       3.820887       0.000000       3.824992       5.530859       8.143302       9.631963      12.672622      11.006289       9.378812      11.947474      10.973484       7.407902       9.674767      11.937448       9.194960       8.497568      12.284492      13.010629      11.459081      13.866122      16.853851      16.055244      16.392536      17.966919      16.503437      17.666428      14.597799      13.165877      10.419619      11.074272       9.672327       6.422971       8.842209      11.364193      10.830066      14.418667      16.418203      16.433418      14.118078      10.684911       7.333231       6.349238       5.617119       9.405156      11.040350       9.322025      11.074036      13.963907      14.506189      14.719814      16.867205      19.201725      18.945175      20.937870      23.178133      23.909716      24.175455      25.387833      22.822252      23.520489      21.058891      19.349882      21.655195      23.921604      23.685320
      22.457237      22.345232      19.706364      20.763250      22.841312      20.849804      19.257851      22.317732      21.017132      17.935768      18.595196      16.981590      14.882415      14.550362      13.570413      11.146228       9.349905       9.485166       7.894580       5.194760       4.953318       5.387777       3.824992       0.000000       3.823846       5.473400       8.252140      11.381610      10.364960      10.073165      12.909219      11.491714       8.688380      11.903869      13.765100      10.950891      11.402693      15.134731      15.332984      14.162084      17.021444      19.641361      18.537285      19.183735      21.123428      19.867287      21.313416      18.364712      16.754681      14.078094      14.899120      13.327133      10.196951      12.496771      14.973655      13.989130      17.358501      19.082853      18.489664      16.193237      12.469489       9.850327       7.733148       7.239777      10.480861      12.875890      11.947628      13.102394      15.809720      17.087954      17.429045      18.998024      21.574652      21.790365      23.593569      25.612720      26.716429      27.187288      28.068449      25.433695      25.732309      23.043299      20.853849      22.670717      24.580103      23.855207
      20.942823      21.414885      19.234369      20.941969      23.209557      21.648933      20.695896      23.801476      22.167114      19.518028      20.812820      19.669130      17.660595      16.644361      15.572183      13.855254      11.644631      10.776416       9.774242       7.989645       5.851968       5.424281       5.530859       3.823846       0.000000       3.821367       5.541183       7.988202       6.578182       6.762818       9.734377       8.694434       6.460814      10.052008      12.097833      10.145043      11.149320      14.517059      15.123018      14.837027      17.433561      19.854492      19.373772      20.554996      22.037479      21.187601      22.378304      19.266001      17.437279      14.280589      15.577746      14.875728      11.442658      12.863366      16.007448      15.764004      19.389387      20.831360      20.676067      18.813093      15.272458      12.275829      11.006753      10.463299      13.984816      16.192392      14.725391      15.952345      18.987614      19.894201      19.830973      21.689211      24.356289      24.113279      25.752037      28.137316      29.106396      29.163494      30.149035      27.277969      27.496990      25.171957      22.938753      24.608311      26.835028      26.399670
      19.102856      19.742706      17.863161      19.728401      22.475904      21.355185      20.490683      23.170502      21.039505      18.432692      19.844364      19.237688      16.736172      15.258022      14.990696      13.660484      10.616038      10.157926      10.479174       8.210197       5.131938       6.884982       8.143302       5.473400       3.821367       0.000000       3.793767       6.788696       7.376662       9.024199      11.058208       8.908635       7.963902      11.756547      12.726847      10.573397      12.645040      15.784894      15.548972      15.646907      18.711464      20.570015      19.736477      21.344616      23.201939      22.777304      24.464655      21.694101      19.399841      16.592707      18.368866      17.323593      14.268746      16.152992      19.230202      18.906219      22.469278      24.172853      23.806479      21.623219      17.927935      15.124424      13.120446      11.869866      14.942109      17.798969      16.443895      16.853025      19.984814      21.437922      21.055075      22.363338      25.404741      25.413544      26.615135      28.946280      30.360926      30.411396      30.945190      27.885908      27.583361      25.215685      22.524019      23.626642      25.649059      25.013357
      16.093014      17.132078      15.650986      18.057365      20.859917      20.182932      19.999205      22.666365      20.314470      18.287794      20.366440      20.252274      18.132305      16.013193      15.426456      14.945469      11.943637      10.324695      11.176599      10.106633       6.387798       7.078720       9.631963       8.252140       5.541183       3.793767       0.000000       3.799945       5.256868       7.288002       8.160465       5.555532       6.039560       9.565584       9.999152       8.721601      11.427209      13.915521      13.773417      14.752267      17.541790      18.996683      18.704145      20.836172      22.284182      22.381929      23.988201      21.332226      18.696096      15.816850      18.185989      17.732325      14.832306      16.280355      19.706108      20.100779      23.838236      25.635920      25.787880      23.695862      20.172070      16.941914      15.483324      13.815226      17.104824      19.802179      17.802425      18.095264      21.570984      22.647444      21.711334      23.233139      26.381218      25.902008      26.803289      29.509800      30.837368      30.419519      30.964710      27.671204      27.249439      25.334730      22.689627      23.682053      26.100821      25.957020
      16.362356      18.159592      17.369690      20.267405      23.117348      22.824791      23.080618      25.695215      23.190514      21.522367      23.856236      23.925770      21.855608      19.561487      18.978161      18.695774      15.701326      13.889830      14.728221      13.839067      10.169331      10.309565      12.672622      11.381610       7.988202       6.788696       3.799945       0.000000       3.813802       7.196531       7.381781       5.857334       7.815371      10.721334      11.171557      11.121252      13.814364      15.731834      16.000740      17.541870      19.929996      21.198818      21.416155      23.777094      24.839773      25.138880      26.455038      23.697372      21.116335      18.010580      20.440834      20.541132      17.495520      18.290779      21.941902      22.646826      26.435860      27.918568      28.241821      26.495985      23.071287      19.793493      18.700500      17.345160      20.759134      23.292322      21.207777      21.705017      25.212751      26.080177      25.084587      26.784599      29.884832      29.177187      30.050837      32.915806      34.104618      33.470406      34.124535      30.756952      30.329830      28.661747      26.063425      26.949604      29.476482      29.448938
      18.778645      20.276020      19.071127      21.732706      24.147635      23.386593      23.485647      26.494133      24.437836      22.612267      24.770039      24.334932      22.567011      20.699011      19.527624      18.836630      16.367769      14.397188      14.250171      13.583312      10.411483       9.337006      11.006289      10.364960       6.578182       7.376662       5.256868       3.813802       0.000000       3.821079       5.381481       5.702915       6.337459       9.061364      10.768553      10.922637      12.665037      14.770038      15.884839      17.052031      19.018269      20.837519      21.358162      23.312494      24.047056      23.942598      24.778915      21.698032      19.563540      16.108791      18.113846      18.611328      15.296425      15.505346      19.221972      20.055870      23.831444      24.998030      25.508419      24.122538      20.905907      17.580034      17.103233      16.309109      19.983927      22.015881      19.902760      21.041712      24.434965      24.877584      24.184282      26.327484      29.101194      28.208717      29.485764      32.369896      33.168419      32.568489      33.633366      30.449568      30.498934      28.815063      26.588949      27.980680      30.641010      30.699366
      19.594572      20.612204      18.970320      21.309685      23.204313      22.043802      22.108759      25.419333      23.836695      22.044453      24.142666      23.385004      22.131203      20.539911      18.710297      17.953810      16.172771      13.818626      12.884921      12.963799      10.451221       8.042779       9.378812      10.073165       6.762818       9.024199       7.288002       7.196531       3.821079       0.000000       3.824919       5.599044       4.550781       6.363900       9.155307       9.529808      10.213994      12.279937      14.129468      15.000015      16.451517      18.662661      19.504766      21.121925      21.482040      21.142399      21.591026      18.365129      16.525106      12.892353      14.694874      15.637160      12.353070      12.034494      15.818223      17.043362      20.817619      21.970160      22.883907      21.653419      18.741714      15.224411      15.463436      14.836454      18.639120      20.129496      17.740332      19.305332      22.643105      22.569277      21.919388      24.462446      26.940727      25.743839      27.242092      30.208614      30.650669      29.955578      31.345871      28.310946      28.764191      27.209534      25.407150      27.244499      30.105715      30.430679
