       0.000000       3.829210       5.677005       8.407184      10.079309       9.071582       9.851130      11.908834      13.871531      15.621227      14.451136      18.038548      21.328720      24.787668      23.743698      24.700260      22.453733      19.067554      15.464127      13.672683      10.133413      10.440639       9.301666      11.110783      11.234007       9.887158       6.193925       5.347668       6.481024       9.059780      12.420110      15.261306      18.939348      19.215557      17.748127      18.137451      20.652515      20.203411      17.213919      17.345770      19.485197      18.494452      14.904240      13.330962      12.995948      12.608206      15.412170      16.227917      19.934324      21.775152      25.586216      28.181437      30.613617      33.603050      31.697594      28.442448      25.642450      24.646311      20.983162      20.312403      16.884254      17.118509      15.389175      16.584774      16.926935      18.365986      20.042826      18.933821      15.791174      16.614370      17.342068      14.251877      12.214698      14.319950      13.256475       9.525509      10.370819      12.812665      10.783538       8.726690      12.296193      13.639283      11.717386      12.958098      16.256899      17.324104      15.729940      17.671347      20.900583      21.489910      23.129940      20.545853      21.239368      19.698362      20.713133      20.636744      20.597498      20.748468      22.331633      25.550961      24.640833      23.166630      26.690105      28.316254      25.491848      22.770140      25.522903      26.963743      24.281788      24.828817      28.566700      28.940399      27.287903      23.900309      23.383385      21.486544      20.547468      19.954113      16.697027      15.609791      14.832119      13.767511      17.482676      19.174519      21.564735      22.991394
       3.829210       0.000000       3.821643       5.203653       7.647740       8.005171       8.313684       9.264065      11.468033      13.793237      12.943002      16.731853      19.745867      23.414307      22.889019      23.999170      22.214800      18.973946      15.621994      14.378757      11.350198      12.712157      11.790269      14.295497      14.703910      12.770610       9.296996       7.638415       8.931767      10.456604      14.008208      16.362408      20.091188      20.946186      19.840971      19.737961      22.434862      22.548525      19.585655      20.068497      21.889170      21.013756      17.249109      15.009724      14.324010      12.910958      15.491641      15.517099      19.216736      20.621588      24.393707      26.732231      28.832886      31.579807      29.353916      26.242432      23.705103      22.791365      19.259068      18.950691      15.675083      16.600260      15.346624      17.356602      18.047361      20.132263      21.777918      21.180267      17.992266      18.329620      18.283030      15.034714      13.531240      14.909776      13.055181       9.701850      10.655746      12.019057       9.187562       7.143708      10.752331      11.255464       8.685961      10.358213      13.654748      14.116656      12.449429      14.869366      17.810637      18.535124      20.536755      18.354008      19.358713      18.194193      19.871138      20.304983      20.952406      21.703209      23.827988      26.721481      25.299238      23.897984      27.559343      28.887331      25.729753      23.405539      26.410824      27.351309      24.578362      25.673460      29.401585      30.247997      28.912512      25.643770      25.631086      23.970110      23.483509      23.111107      19.825962      19.036501      18.476202      17.549053      21.238859      23.002174      25.354618      26.694679
       5.677005       3.821643       0.000000       3.823679       6.343155       5.744073       4.787904       6.305174       8.781112      10.431931       9.209191      12.963492      16.095169      19.705072      19.076342      20.203129      18.498959      15.383279      12.072630      11.349637       8.892427      11.191886      11.363840      14.197765      15.543497      13.869128      10.287510       7.322154       7.547961       7.774710      11.256890      13.155512      16.836636      18.076149      17.294634      16.902813      19.844011      20.458908      17.820972      18.990376      20.908293      20.693750      16.940453      14.254932      12.632459      10.688095      12.588558      12.178788      15.755960      16.995991      20.758118      23.075077      25.334166      28.166111      26.133535      22.887230      20.243996      19.481110      15.975192      15.938962      12.931999      14.269991      13.727368      15.852448      17.312553      19.403885      21.617044      21.451124      18.717497      19.596680      19.531069      16.751274      14.648921      15.410162      14.083178      10.729586      10.297045      11.658194       9.525573       6.228264       9.004941      10.316718       7.625469       7.852177      11.514510      12.491953      10.439819      12.115444      15.464977      16.413603      17.875841      15.577527      16.915785      16.182169      17.858421      18.789068      19.377600      20.558302      22.709106      25.397800      23.734766      21.893377      25.439991      26.375582      23.141230      20.803284      23.673765      24.364410      21.373764      22.572636      26.221470      27.266672      26.264915      23.229528      23.598522      22.429880      22.331142      22.577820      19.644203      19.514002      18.639378      18.419233      22.201363      23.695988      26.467300      27.888706
       8.407184       5.203653       3.823679       0.000000       3.828058       5.679024       5.108832       4.573155       6.577183       9.382941       9.318327      13.092174      15.558059      19.347439      19.468588      21.012707      19.960447      17.257812      14.302447      14.311446      12.389573      14.964021      15.114164      17.971144      19.095804      17.282091      13.733973      11.049601      11.260078      10.983152      14.450526      15.709806      19.321280      20.762022      20.455248      19.991789      23.093500      23.987036      21.486021      22.780468      24.613636      24.374542      20.585554      17.751568      16.085499      13.658362      15.156906      13.903670      17.184252      17.693188      21.260500      23.074623      24.989328      27.426357      25.008745      21.873327      19.741692      19.375061      16.224895      16.867392      14.305339      16.364687      16.289658      18.892056      20.458563      22.849771      24.936785      24.913723      22.055805      22.544998      22.076563      19.093988      17.526697      18.051327      16.112207      13.183817      13.157981      13.638128      10.876001       8.154456      10.505487      10.640536       7.049896       7.517509      11.093276      10.890978       8.223177      10.665751      13.567236      15.078962      16.957916      15.412923      17.320066      17.191647      19.523262      20.915220      22.034504      23.578449      26.009809      28.485485      26.516232      24.743519      28.307989      28.966509      25.531664      23.525448      26.455309      26.722610      23.631351      25.186335      28.716194      30.072880      29.376886      26.512060      27.124161      26.118759      26.116596      26.401005      23.439127      23.195316      22.311140      21.841297      25.627596      27.054564      29.726688      31.260696
      10.079309       7.647740       6.343155       3.828058       0.000000       3.827032       5.384058       5.697834       5.111397       8.372639       9.694481      13.165841      15.089313      18.775879      19.190859      21.350657      20.619364      18.361643      15.338008      15.975773      14.260382      16.773787      17.401712      19.805569      20.856810      19.615450      15.861785      13.299810      12.546738      11.672975      15.219664      15.843286      19.448292      20.550692      20.849646      20.883863      24.306763      25.189726      23.080307      24.611404      26.856256      26.825201      23.132677      20.527822      18.602499      16.386705      17.422371      15.917095      18.843527      18.853935      22.220533      23.611307      25.705431      27.937376      25.582001      22.258774      20.493715      20.810598      17.991152      19.203949      17.047907      19.304607      19.487410      21.850275      23.576027      25.659948      27.956408      27.714046      24.898006      25.637030      25.482647      22.429605      20.713583      21.529192      19.749876      16.621387      16.517445      17.323376      14.668329      11.785201      13.976071      14.315711      10.664293      10.445851      14.032948      13.536364      10.205076      12.258156      15.088234      17.323368      18.879789      17.711723      20.094994      20.378805      22.675940      24.239019      25.143326      26.652950      28.839666      31.400732      29.527811      27.450397      30.861412      31.315458      27.962284      25.769512      28.379572      28.615208      25.261406      26.582867      29.949453      31.200928      30.749994      28.098124      28.606516      27.860540      27.612272      28.082066      25.341436      24.940748      23.526907      22.910641      26.712914      27.656071      30.427549      32.370575
       9.071582       8.005171       5.744073       5.679024       3.827032       0.000000       3.823256       6.583183       6.128217       7.787502       8.489813      11.817070      14.208297      17.674152      17.437862      19.539646      18.397964      16.085238      12.758480      13.408390      11.716949      14.086070      15.290006      17.362318      18.736099      18.023075      14.228441      11.469199       9.780278       8.386525      11.884805      12.409797      16.074944      16.881535      17.259893      17.613440      21.138783      21.905500      20.056778      21.784933      24.326485      24.600031      21.077864      18.697731      16.500830      14.730273      15.536201      14.429729      17.310471      17.634737      21.073238      22.728401      25.286768      27.840456      25.935606      22.377504      20.236532      20.535067      17.560879      18.555765      16.359264      18.248198      18.400827      20.242535      22.111181      23.748631      26.347614      25.981098      23.440140      24.717670      25.024069      22.224285      19.949322      20.938366      19.806042      16.356237      15.701384      17.209671      15.183247      11.778418      13.872290      15.198998      12.008636      11.115542      14.902103      15.331208      12.143374      13.314977      16.679956      18.733421      19.692801      17.998102      20.209238      20.310095      22.065592      23.456327      23.813126      25.097876      26.897655      29.587780      27.979902      25.604879      28.841366      29.311539      26.186197      23.641706      25.950405      26.461386      23.017586      23.911839      27.245403      28.206619      27.720394      25.134861      25.471064      24.884890      24.514444      25.220449      22.768648      22.541435      20.764442      20.466526      24.261021      24.917536      27.935499      30.004391
       9.851130       8.313684       4.787904       5.108832       5.384058       3.823256       0.000000       3.822236       5.077394       5.798421       5.162697       8.852116      11.691988      15.295829      14.937522      16.628889      15.481498      13.024420       9.967010      10.824916       9.756648      12.864809      14.290424      16.966347      18.903000      17.733454      14.154714      10.760300       9.486260       7.569927      10.605386      11.058838      14.557948      16.164957      16.349901      15.886273      19.287144      20.553082      18.638872      20.641710      22.784409      23.302546      19.736542      16.867260      14.302843      11.916698      12.359916      10.840153      13.749469      14.121033      17.668631      19.535259      21.994751      24.699135      22.820301      19.327351      16.909550      16.893192      13.797141      14.750949      12.667560      14.834294      15.431506      17.586420      19.838905      21.791187      24.519491      24.672890      22.373529      23.658295      23.601461      21.125195      18.753435      19.084902      18.075209      14.923306      13.636750      14.717092      13.108885       9.473890      10.764411      12.339259       9.465356       7.752489      11.461732      12.375612       9.435818      10.032025      13.643419      15.418746      16.144611      14.249491      16.450331      16.708687      18.544598      20.230089      20.815153      22.496468      24.572012      26.957397      25.035040      22.642132      25.894892      26.167095      22.885118      20.609652      23.091778      23.301760      19.907160      21.210890      24.575567      25.898970      25.546162      23.016867      23.828848      23.416067      23.614054      24.572029      22.157377      22.489330      21.088266      21.324186      25.114422      26.087822      29.208256      30.919262
      11.908834       9.264065       6.305174       4.573155       5.697834       6.583183       3.822236       0.000000       3.822724       5.549273       5.388987       8.922236      11.158242      14.967539      15.343906      16.967823      16.413191      14.192641      11.847945      12.891170      12.209092      15.556698      16.576721      19.664015      21.522329      19.806843      16.382154      13.023958      12.605397      11.020092      13.774651      14.104733      17.300623      19.377312      19.562220      18.586454      21.798056      23.381006      21.327665      23.283594      25.002625      25.396814      21.727566      18.502697      16.057543      13.027217      13.379669      11.137293      13.846330      13.695551      17.076794      18.635923      20.532871      22.930649      20.601145      17.365746      15.278228      15.237170      12.372293      13.733084      11.968170      14.777764      15.753499      18.551096      20.861752      23.333761      25.842346      26.355688      23.966633      24.789429      24.146814      21.636890      19.740002      19.564846      18.028332      15.401799      14.320263      14.396500      12.441840       9.309553      10.022116      10.562840       7.337702       5.474167       8.911267       9.008385       5.726170       6.853095      10.173874      12.179671      13.358550      12.053536      14.616712      15.346636      17.855793      19.962448      21.231142      23.354834      25.892706      27.953217      25.617754      23.490400      26.836668      26.913433      23.372438      21.642832      24.400303      24.128075      20.871460      22.766214      26.060379      27.826557      27.652182      25.192455      26.376118      25.968460      26.498127      27.391933      24.810884      25.215117      24.197412      24.364141      28.152729      29.404549      32.390656      33.910351
      13.871531      11.468033       8.781112       6.577183       5.111397       6.128217       5.077394       3.822724       0.000000       3.822004       6.261384       9.043528      10.297709      13.998936      14.923028      17.314795      17.282404      15.692400      13.425774      15.142180      14.659028      17.911993      19.286957      22.011379      23.786556      22.495897      18.867695      15.629162      14.499264      12.427430      15.189366      14.790622      17.879227      19.687016      20.540293      20.007410      23.510815      25.129250      23.467283      25.642725      27.709982      28.277321      24.678143      21.646870      19.025681      16.221380      16.168257      13.707438      15.880174      15.047171      18.050472      18.986429      20.987450      23.049242      20.748270      17.352880      15.846117      16.692141      14.397935      16.416086      15.174890      18.111362      19.281301      21.869577      24.282665      26.511038      29.176613      29.506519      27.116848      28.098724      27.675842      25.040575      23.078953      23.169916      21.659155      18.848196      17.853031      18.172649      16.128147      12.965455      13.802032      14.319753      10.969766       9.136927      12.240270      11.806155       8.070378       8.795578      11.638710      14.456823      15.301665      14.612996      17.625250      18.782789      21.271170      23.526560      24.639883      26.739647      29.077339      31.184797      28.917126      26.538145      29.712629      29.550571      26.101946      24.260799      26.681355      26.309572      22.821892      24.518324      27.585896      29.301016      29.432026      27.229498      28.357815      28.222418      28.555063      29.626802      27.233500      27.497719      26.038801      26.074903      29.884335      30.726606      33.799347      35.669704
      15.621227      13.793237      10.431931       9.382941       8.372639       7.787502       5.798421       5.549273       3.822004       0.000000       3.822003       5.521583       6.748528      10.403517      11.127939      13.668001      13.849384      12.746983      10.954429      13.441598      13.864267      17.349792      19.379459      22.049189      24.334465      23.282553      19.804554      16.256647      14.618612      11.757155      13.697960      12.505862      15.108572      17.268696      18.501932      17.724665      21.253336      23.271742      22.067167      24.693396      26.758249      27.829319      24.443714      21.357166      18.258280      15.444481      14.531154      11.740447      13.253566      12.036382      14.848459      15.718874      18.080015      20.340611      18.489433      14.848384      13.123626      14.298039      12.258782      14.606274      13.979222      16.993195      18.707525      21.047928      23.891315      25.910620      28.910646      29.490608      27.518795      28.898146      28.592649      26.338856      23.989687      23.800829      22.814247      20.041246      18.339607      18.794109      17.467676      14.020677      14.079376      15.298480      12.569020       9.721504      12.446006      12.831342       9.468018       8.559655      11.673211      14.426427      14.292224      13.440852      16.595049      18.093998      20.250475      22.750525      23.616961      25.891998      28.056761      29.944782      27.632298      24.917746      27.801138      27.269678      23.939074      22.118036      24.200510      23.611290      19.999292      21.667475      24.498304      26.337000      26.821814      24.971216      26.392666      26.728638      27.360479      28.895586      26.893858      27.625874      26.015924      26.574926      30.313751      30.971779      34.283474      36.133568
      14.451136      12.943002       9.209191       9.318327       9.694481       8.489813       5.162697       5.388987       6.261384       3.822003       0.000000       3.822824       6.972503      10.522264      10.189440      11.789851      11.230306       9.463600       7.608202       9.952930      10.763477      14.456157      16.590950      19.472260      22.082823      20.873770      17.676678      13.928718      12.526678       9.643723      11.103114      10.275881      12.848648      15.437491      16.122614      14.803869      18.117855      20.273785      18.922985      21.590752      23.393436      24.582424      21.268290      18.041664      14.798769      11.855663      10.732828       7.951838       9.801145       9.314308      12.664552      14.378607      16.926437      19.721560      18.126238      14.536680      11.951093      12.231917       9.532023      11.291055      10.424935      13.275562      15.096933      17.369146      20.360868      22.399889      25.467054      26.279814      24.545767      26.051254      25.715458      23.791071      21.251348      20.770821      20.151323      17.521128      15.336267      15.830173      15.102107      11.565834      11.076012      12.935024      10.892994       7.572668      10.199270      11.658834       9.057391       7.572404      11.230335      13.101999      12.700819      10.960049      13.667883      14.847764      16.685417      19.109865      19.851437      22.173264      24.359005      26.156256      23.821486      21.100107      24.013533      23.571726      20.215033      18.376545      20.614639      20.111792      16.582815      18.370386      21.400021      23.287552      23.583384      21.600813      23.174389      23.472807      24.395298      25.996752      24.039440      25.115337      23.785965      24.712051      28.379499      29.284916      32.626106      34.172646
      18.038548      16.731853      12.963492      13.092174      13.165841      11.817070       8.852116       8.922236       9.043528       5.521583       3.822824       0.000000       3.822888       6.909509       6.450951       8.291951       8.547345       8.027130       7.635431      10.956069      12.854717      16.512655      19.106714      21.846546      24.783981      23.767790      20.774000      16.983196      15.298741      11.997444      12.412084      10.550751      12.070533      15.110570      16.348099      14.699405      17.881907      20.568794      19.830034      22.923082      24.618206      26.296745      23.273844      20.057667      16.499611      13.635074      11.465750       8.237044       8.480434       6.839670       9.605501      10.961986      13.831997      16.687176      15.584266      11.856806       9.248502      10.211596       8.390607      10.854672      11.230309      14.167417      16.663839      18.696220      22.058294      23.918552      27.211168      28.318539      26.990950      28.726942      28.385025      26.792324      24.106701      23.316896      23.028057      20.619917      18.029375      18.388641      18.174818      14.771461      13.571847      15.557325      14.026633      10.362723      12.031763      13.658835      11.435339       8.822240      11.900578      13.804874      12.347082      10.964494      13.868172      15.680061      17.253733      20.040552      20.674856      23.259487      25.300947      26.708553      24.247488      21.241550      23.715868      22.684130      19.475523      17.911917      19.668156      18.655220      15.031369      16.950741      19.513628      21.719687      22.611137      21.201010      23.213449      24.109055      25.396074      27.461178      25.932234      27.409220      25.972191      27.289560      30.835485      31.539082      35.032536      36.575916
      21.328720      19.745867      16.095169      15.558059      15.089313      14.208297      11.691988      11.158242      10.297709       6.748528       6.972503       3.822888       0.000000       3.819525       5.487587       8.292318      10.085064      10.824897      11.163579      14.661554      16.665495      20.294775      22.916958      25.618061      28.518553      27.528519      24.453104      20.679533      18.922346      15.539767      15.938937      13.628078      14.636595      17.602413      19.360714      17.811180      20.932146      23.803310      23.365648      26.579355      28.267725      30.056141      27.076912      23.839502      20.265984      17.338728      14.991712      11.559820      10.957118       8.135711       9.539539       9.471292      12.086109      14.354703      13.274430       9.453396       7.890735      10.229365       9.778758      13.016720      14.157782      17.344269      20.115154      22.252254      25.689871      27.598959      30.897041      32.100227      30.789806      32.458313      31.986919      30.352049      27.789555      26.902811      26.441345      24.143997      21.659060      21.734083      21.357901      18.100624      16.793587      18.307829      16.636484      12.995411      14.192061      15.155931      12.830081       9.926270      12.083295      14.539845      12.681425      12.387524      15.712516      18.154316      19.965162      23.057196      23.906088      26.688662      28.772211      29.948025      27.335604      24.313206      26.548960      25.108265      21.976013      20.778633      22.248888      20.774612      17.239340      19.276529      21.336264      23.780258      25.150009      24.153303      26.355215      27.533747      28.893721      31.103712      29.685963      31.165447      29.612123      30.885490      34.442848      34.990822      38.522026      40.192001
      24.787668      23.414307      19.705072      19.347439      18.775879      17.674152      15.295829      14.967539      13.998936      10.403517      10.522264       6.909509       3.819525       0.000000       3.813367       6.822483       9.755589      11.772759      13.034518      16.752571      19.259998      22.743120      25.646532      28.176430      31.279093      30.480528      27.552349      23.780788      21.821932      18.263252      18.033993      15.210258      15.297510      18.317492      20.461475      18.815779      21.669861      24.823969      24.913015      28.370380      29.989466      32.134212      29.424212      26.284281      22.573242      19.850739      17.006628      13.709774      12.098908       8.805971       8.685327       7.518971      10.381987      12.431349      12.264634       8.676851       7.751922      10.753464      11.388106      14.643762      16.464472      19.434883      22.488424      24.334255      27.944479      29.632631      33.070911      34.440010      33.448158      35.316669      34.904430      33.511223      30.815214      29.778725      29.591938      27.396072      24.661024      24.753258      24.718193      21.500898      19.897881      21.563755      20.201546      16.474709      17.262758      18.375517      16.363022      13.173347      14.811353      17.035679      14.536253      14.513157      17.625120      20.306995      21.773878      24.968050      25.636007      28.493870      30.367323      31.241142      28.636379      25.443165      27.212730      25.301908      22.482136      21.529222      22.442291      20.601683      17.209253      19.135151      20.553263      23.155664      25.065878      24.647779      27.108505      28.761047      30.343132      32.889359      31.841795      33.593452      31.939363      33.494762      36.927361      37.283585      40.917534      42.595554
      23.743698      22.889019      19.076342      19.468588      19.190859      17.437862      14.937522      15.343906      14.923028      11.127939      10.189440       6.450951       5.487587       3.813367       0.000000       3.818502       6.259731       8.700318      10.363350      14.128589      17.011566      20.259182      23.421059      25.727716      29.028048      28.461422      25.771994      22.060402      19.925022      16.302811      15.396843      12.378412      11.899801      15.092247      17.172079      15.381300      18.087240      21.330137      21.693380      25.277004      26.895761      29.281837      26.822681      23.881531      20.083023      17.755468      14.613221      11.803208       9.889263       7.269848       7.476121       7.703810      11.345647      14.154145      14.520162      11.059007       8.994831      10.948421      10.951109      13.478637      15.144933      17.574677      20.551207      21.914110      25.575754      26.918425      30.494150      31.855085      31.155355      33.311954      33.157352      32.019947      29.063410      28.063257      28.331301      26.081623      23.054316      23.525274      23.937717      20.620665      18.949911      21.208599      20.189823      16.418867      17.362896      19.190296      17.382055      14.200253      16.433090      18.106783      15.520124      14.583937      17.135386      19.343315      20.196104      23.105709      23.285200      25.932240      27.484331      28.375160      26.008120      22.613522      24.184166      22.297775      19.711834      18.470430      19.079174      17.468109      13.962675      15.546061      16.961895      19.417238      21.333546      21.029152      23.506594      25.350515      27.023153      29.755838      28.986490      30.969593      29.294323      31.154421      34.430088      34.722233      38.409374      39.985798
      24.700260      23.999170      20.203129      21.012707      21.350657      19.539646      16.628889      16.967823      17.314795      13.668001      11.789851       8.291951       8.292318       6.822483       3.818502       0.000000       3.822779       7.123289      10.028600      13.413705      16.798309      19.889381      23.028708      25.388601      28.905350      28.216917      25.925547      22.260439      20.448259      17.069571      15.556869      12.871122      11.765097      15.336172      16.865620      14.390426      16.450729      20.007208      20.480061      24.093416      25.264198      27.866310      25.683779      22.738497      18.966631      16.759008      13.202106      10.697073       7.797895       5.516253       4.847488       6.276140      10.064838      13.429695      14.327437      11.355876       8.639380       9.555850       9.777891      11.643896      13.813921      15.804131      19.024715      20.135637      23.906788      25.181078      28.746895      30.453268      30.132526      32.345989      32.093807      31.378439      28.388670      27.021437      27.643154      25.746336      22.412689      22.730829      23.728647      20.685757      18.486588      20.954029      20.625427      16.860310      17.215239      19.572821      18.446373      15.026861      17.118076      18.015419      15.046526      13.706507      15.580794      17.676659      18.008099      20.897627      20.949705      23.714033      25.205698      25.699877      23.257708      19.860624      21.103910      18.913803      16.474380      15.607770      16.010647      14.011814      10.734772      12.671874      13.852624      16.714788      18.795704      18.744312      21.632763      23.669926      25.800413      28.672010      28.100992      30.465286      29.112411      31.311924      34.420612      34.915600      38.572643      39.828121
      22.453733      22.214800      18.498959      19.960447      20.619364      18.397964      15.481498      16.413191      17.282404      13.849384      11.230306       8.547345      10.085064       9.755589       6.259731       3.822779       0.000000       3.818610       7.108727      10.149799      13.742815      16.546045      19.787199      21.975319      25.588448      25.042068      22.990147      19.465679      17.649025      14.455639      12.426910      10.031546       8.720005      12.469153      13.475366      10.712450      12.682319      16.241440      16.693424      20.323256      21.504715      24.189669      22.148296      19.385672      15.609653      13.833628      10.190758       8.517453       5.930644       5.767005       6.806653       9.535003      13.114742      16.727329      17.392187      14.395457      11.136748      10.958342       9.953313      10.676750      12.114273      13.399758      16.297602      16.944862      20.672514      21.665638      25.314295      26.926899      26.763865      29.174866      29.169491      28.614584      25.441017      24.195761      25.177029      23.211494      19.726179      20.455976      21.771551      18.711365      16.637617      19.594273      19.513252      15.955041      16.604727      19.464504      18.458860      15.398928      18.031433      18.538389      15.960896      13.745066      14.995611      16.310192      16.078634      18.498884      18.047792      20.504084      21.744884      22.454906      20.287193      16.731840      18.062391      16.250938      13.870274      12.392060      12.825459      11.452933       7.806849       9.400238      11.254625      13.815882      15.452727      15.081708      17.884007      19.851116      21.999763      24.889008      24.413271      26.898161      25.613657      27.990599      30.977531      31.529377      35.164059      36.290440
      19.067554      18.973946      15.383279      17.257812      18.361643      16.085238      13.024420      14.192641      15.692400      12.746983       9.463600       8.027130      10.824897      11.772759       8.700318       7.123289       3.818610       0.000000       3.813411       6.444502      10.073027      12.975034      16.070396      18.443769      22.028885      21.307596      19.309580      15.800453      14.255714      11.375115       9.435856       7.967941       7.733882      11.472322      11.591822       8.573183      10.801985      14.072416      13.809261      17.247946      18.434557      20.844152      18.569027      15.684213      11.890552      10.052098       6.502748       5.306842       4.138957       6.048368       8.729131      12.008306      15.266755      18.969938      19.017332      15.924099      12.320112      11.348755       9.088915       8.914981       9.269929      10.229612      12.791337      13.483390      17.157639      18.293505      21.907993      23.412260      23.065472      25.418852      25.443830      24.828407      21.632092      20.474991      21.488188      19.456944      15.955352      16.886688      18.270628      15.219924      13.288261      16.523197      16.574301      13.282754      14.218475      17.373514      16.493549      13.907449      16.952925      17.169497      15.199394      12.321785      13.202517      13.822082      13.512256      15.615428      15.085011      17.400080      18.808973      19.911894      17.794107      14.325626      16.286892      15.210431      12.445549      10.399692      11.719771      11.118734       7.377846       9.022484      11.960440      14.096757      14.779428      13.485452      15.986953      17.350424      19.372217      21.944319      21.116573      23.499289      22.418167      24.698677      27.753819      28.578732      32.120869      33.125446
      15.464127      15.621994      12.072630      14.302447      15.338008      12.758480       9.967010      11.847945      13.425774      10.954429       7.608202       7.635431      11.163579      13.034518      10.363350      10.028600       7.108727       3.813411       0.000000       3.817877       6.837765       9.989698      13.155537      15.512832      18.927382      18.315590      15.991830      12.433239      10.585002       7.575757       6.079658       5.232215       6.780789       9.953087       9.784410       7.518513      10.582375      13.091088      12.241241      15.462430      17.186758      19.184977      16.539957      13.722065       9.935822       8.220080       5.748226       5.220019       6.618322       8.556420      11.850017      14.866632      18.083525      21.640715      21.188681      17.832453      14.353304      13.538231      10.597831      10.374846       9.350652      10.244166      11.926126      12.683890      16.019739      17.137722      20.710358      21.694489      20.899092      23.258108      23.539917      22.519188      19.240248      18.636560      19.461058      16.943102      13.707347      15.201401      16.122313      12.735476      11.655770      15.053626      14.589084      11.634411      13.494482      16.484449      15.152160      13.310140      16.831671      17.339388      16.134485      13.111008      14.165420      14.255075      14.252415      15.908838      15.292719      17.141708      18.529495      20.310772      18.504110      15.221982      17.697580      17.384272      14.579892      11.946030      13.672273      13.918878      10.350052      11.292210      14.614720      16.039185      16.033419      14.039668      15.740339      16.475222      17.852026      20.062838      18.853090      20.805235      19.513992      21.482193      24.721235      25.535217      29.065697      30.261065
      13.672683      14.378757      11.349637      14.311446      15.975773      13.408390      10.824916      12.891170      15.142180      13.441598       9.952930      10.956069      14.661554      16.752571      14.128589      13.413705      10.149799       6.444502       3.817877       0.000000       3.800902       6.608705       9.647346      12.107493      15.628705      14.892758      12.986499       9.676295       8.422407       6.615795       4.841668       6.430069       8.277960      10.662140       9.076338       6.704534       9.157041      10.994394       9.259228      12.097961      13.683618      15.451986      12.730877       9.940022       6.161707       5.176918       3.871739       5.879761       8.316321      11.243947      14.624435      17.971369      20.943680      24.583622      24.004910      20.836805      17.213476      15.740170      12.392920      11.051203       8.952353       8.552889       9.172529       9.383821      12.462296      13.456466      17.001141      17.882639      17.121021      19.584999      20.049845      19.220701      15.790804      15.293443      16.524645      14.041209      10.660637      12.689780      14.051440      10.981482      10.189933      13.931050      13.992571      11.810847      13.653580      16.921350      16.059650      14.835478      18.367350      18.309744      17.602346      14.141452      14.342572      13.405564      12.846869      13.664654      12.593802      13.930018      15.226392      17.396278      15.909243      12.867810      15.701863      16.184053      13.484599      10.441072      12.657533      13.726273      10.740389      11.322333      15.040256      15.980604      15.080254      12.342845      13.588444      13.607751      14.922210      16.784018      15.322071      17.362301      16.463030      18.549334      21.689283      22.862469      26.248901      27.141760
      10.133413      11.350198       8.892427      12.389573      14.260382      11.716949       9.756648      12.209092      14.659028      13.864267      10.763477      12.854717      16.665495      19.259998      17.011566      16.798309      13.742815      10.073027       6.837765       3.800902       0.000000       3.812432       6.419203       9.132422      12.337379      11.489971       9.256708       5.916004       4.923593       4.585256       4.596073       7.803498      10.607105      11.993665       9.975327       8.814404      11.176673      11.835559       9.228952      11.123284      13.071857      14.000731      10.781021       8.153049       5.124139       4.896361       6.320646       8.383343      11.571122      14.320021      17.922485      21.140099      23.984308      27.505293      26.545557      23.317335      19.829870      18.372717      14.756867      13.380789      10.457130       9.871036       9.159508       9.429279      11.594055      12.631964      15.820675      16.062054      14.666312      17.003885      17.724276      16.444263      12.981356      13.211804      14.213809      11.226686       8.369451      11.153811      11.987004       8.907338       9.414411      12.990654      12.723750      11.455994      13.886442      16.815126      15.815747      15.503916      19.132627      19.134552      19.164948      15.744520      15.904976      14.451187      14.184690      14.409031      13.410223      14.106334      15.408769      18.168406      17.034697      14.547351      17.711908      18.842854      16.202677      13.123545      15.569497      17.045698      14.342249      14.701783      18.458044      18.987907      17.567429      14.386912      14.761791      13.859691      14.361230      15.447191      13.313132      14.699386      13.842302      15.432541      18.786512      20.190983      23.430233      24.383568
