       0.000000       3.740479       6.417873       9.464567      11.982930      15.773129      16.231724      19.970530      22.418638      25.582375      28.829124      29.407728      32.720695      34.311592      32.603081      29.713879      26.584091      24.152271      20.401299      18.794844      15.508906      14.016607      11.635755       7.996240       8.473336       6.524009       8.654702       8.090734      11.111877      11.339994      11.076496      13.022913      15.398602      17.732971      20.894819      24.164412      26.964273      25.557930      28.067736      28.600523      26.087381      26.936234      26.460543      22.952642      22.365515      18.993626      18.712460      16.344328      15.921563      15.505728      13.145999      16.301697      17.092215      16.719507      19.324512      20.918139      24.506685      25.549599      29.265690      31.750519      30.560677      33.130287      34.894215      34.687576      31.790167      28.686050      25.421659      21.838999      18.804852      15.277266      12.206501       8.945374       6.616026       7.358868       7.790418      10.727420      10.773011       7.132455       6.007396       4.463122       7.657232      10.368871      12.108510      15.861614      18.972628      22.604954      25.366854      29.033035      31.150938
       3.740479       0.000000       3.891782       6.707833       8.523293      12.310330      13.224989      16.983896      19.773001      22.830631      26.240934      27.000809      30.478697      32.296940      30.890539      27.897915      24.526249      21.983606      18.188583      16.275871      12.750020      11.100530       9.409750       5.683967       6.490832       6.417482       9.357755       9.318242      12.623618      12.044979      11.079942      13.262544      14.839518      17.305487      20.012079      23.337877      25.902740      24.367500      27.125301      28.045481      25.927223      27.077038      26.239138      22.867264      22.328680      19.201714      18.793257      16.861574      15.924393      15.757591      13.063118      15.632640      16.035364      14.880221      17.432196      19.412117      22.918606      24.165602      27.948864      30.597599      29.229103      31.738653      33.146103      32.750683      30.073153      26.887777      23.823116      20.319672      17.318550      14.106770      11.099801       8.780652       6.934483       9.278728      10.527284      13.856642      14.205725      10.563495       8.501289       5.577124       7.643323       9.641563      10.180445      13.987958      16.687489      20.444172      23.057539      26.831779      29.044966
       6.417873       3.891782       0.000000       3.897458       6.324309       9.871860       9.953120      13.687727      16.209633      19.460062      22.858814      23.366495      26.798834      28.499151      27.130550      24.238491      20.890223      18.576464      14.728125      13.261712      10.031268       9.456496       8.555961       5.921421       8.532109       9.179042      11.331089      10.297494      12.871950      11.158746       9.057917      10.696349      11.553292      13.868490      16.317583      19.629351      22.130215      20.662344      23.563677      24.526926      22.656693      23.865705      22.784649      19.510675      19.058208      16.200180      15.989698      14.676334      13.906777      14.585456      12.471550      14.854510      14.327524      12.785115      14.694170      16.339424      19.662016      20.655230      24.399220      26.957733      25.447100      27.888998      29.268112      28.870600      26.190567      23.036844      19.951845      16.487167      13.460150      10.369821       7.480240       6.006648       5.591037       9.034496      11.520148      14.754065      15.087765      11.604517       8.487521       5.268259       6.222761       6.673059       6.609957      10.294704      12.940233      16.660288      19.245077      22.993118      25.196068
       9.464567       6.707833       3.897458       0.000000       3.825497       7.062053       7.019856      10.692852      13.341463      16.255869      19.578686      20.490385      23.986486      26.035536      24.684378      21.515305      18.034550      15.341970      11.578045       9.598709       6.207157       5.793619       5.590617       4.759715       8.247669       9.902787      11.471014      10.552599      12.820333      10.495748       8.206836      10.362659      10.495336      13.350479      15.354760      18.876141      21.425011      20.384235      23.661686      24.611662      23.257484      24.281609      22.606712      19.379787      18.434763      15.720012      14.838991      13.770546      12.200568      12.926182      10.744053      12.319263      11.341935       9.217561      11.149889      13.255740      16.601692      18.076153      21.886053      24.767122      23.473333      26.137835      27.308760      27.128021      24.781897      21.877951      18.810520      15.741531      12.415304      10.167496       7.077625       7.176172       6.645842      10.370500      12.996372      16.429903      17.452028      14.329173      11.240722       8.703677       9.674715       8.821030       7.499304      10.323046      12.006463      15.580943      17.507210      21.215517      23.065554
      11.982930       8.523293       6.324309       3.825497       0.000000       3.812455       5.578418       9.078986      12.453854      15.067912      18.657053      19.835707      23.532454      25.850729      25.022251      21.844376      18.112921      15.403846      11.826698       9.387054       5.824279       5.073085       6.897327       6.658945       9.091448      11.804095      13.941197      13.783095      16.327190      14.104115      11.864867      13.842075      13.293483      15.799522      17.105806      20.376078      22.424623      21.107935      24.449959      25.899937      24.922066      26.331814      24.510139      21.612982      20.930792      18.640747      17.841967      17.181543      15.378532      16.078802      13.685039      14.511096      13.413203      10.456151      12.085726      14.630968      17.582016      19.230755      22.939989      25.887432      24.334494      26.762056      27.403883      26.862728      24.844261      21.836143      19.246084      16.409710      13.558799      11.969457       9.751684      10.580648      10.405276      14.113400      16.536987      20.056532      20.984055      17.670988      14.611136      11.584938      11.824217      10.956191       8.490825      10.838240      11.652195      15.198235      16.894058      20.669724      22.723457
      15.773129      12.310330       9.871860       7.062053       3.812455       0.000000       3.784703       6.177183       9.921988      12.093675      15.778546      17.159761      20.935343      23.487606      23.084820      19.929920      16.090473      13.482835      10.343810       7.889374       5.295759       5.858302       9.117064      10.047508      12.324968      15.337492      17.257910      17.082636      19.311035      16.738436      14.252440      15.862659      14.463161      16.646225      17.125511      20.114580      21.731678      20.504198      23.976208      25.699898      25.288363      26.835426      24.665121      22.147596      21.523348      19.775532      18.950876      18.911398      16.965975      18.006199      15.944926      16.040291      14.344687      10.798832      11.517157      14.098060      16.447264      18.173695      21.668911      24.648039      22.963224      25.214941      25.375380      24.682215      23.081470      20.221416      18.074081      15.773982      13.357664      12.817507      11.437119      13.266120      13.635937      17.387152      20.007402      23.477665      24.467117      21.244526      18.021690      15.038238      14.787778      13.249593      10.045541      11.170119      10.693371      13.755939      14.802708      18.445719      20.424105
      16.231724      13.224989       9.953120       7.019856       5.578418       3.784703       0.000000       3.761663       6.896732       9.795916      13.445470      14.317039      18.018089      20.315119      19.675875      16.601503      12.816854      10.490996       7.060964       5.669472       4.281068       7.026105       9.837779      11.081373      14.161656      16.592813      17.996193      17.018087      18.600731      15.517146      12.512183      13.417265      11.380595      13.275984      13.450562      16.425436      18.133816      17.184286      20.770678      22.279917      22.020334      23.404385      21.056953      18.618622      17.976357      16.521967      15.879603      16.392675      14.822526      16.565115      15.267836      15.511247      13.085781       9.698149       9.394430      11.209272      13.369864      14.683569      18.178465      21.032221      19.290724      21.598068      21.989449      21.492393      19.715212      16.953207      14.551447      12.332758       9.774925       9.749730       8.877111      11.560636      12.720733      16.422382      19.502823      22.695988      23.612579      20.657682      17.178459      14.580161      14.081767      11.673799       8.428173       8.637677       7.830803      10.732395      11.704033      15.360769      17.223600
      19.970530      16.983896      13.687727      10.692852       9.078986       6.177183       3.761663       0.000000       3.814930       6.246572      10.024987      11.011849      14.788635      17.336426      17.123569      14.107266      10.273987       8.282113       5.885024       5.432545       6.366919       9.523223      12.713258      14.538905      17.536825      20.110371      21.300423      20.274860      21.529659      18.243166      15.213332      15.737569      13.050525      14.454136      13.653763      16.142673      17.349091      16.724176      20.378622      22.020987      22.420937      23.800497      21.076248      19.135529      18.498531      17.717188      17.046711      18.188490      16.594847      18.608217      17.730965      17.384886      14.497793      10.995802       9.521642      10.910969      12.058568      13.313414      16.410315      19.236683      17.415287      19.537498      19.419693      18.887581      17.631313      15.229784      13.367166      12.071416      10.219583      11.506324      11.498549      14.687937      16.101515      19.683386      22.849787      25.941046      26.934961      24.135805      20.606953      18.160057      17.443520      14.666807      11.295992      10.327608       8.108637       9.794226       9.554979      12.863904      14.432180
      22.418638      19.773001      16.209633      13.341463      12.453854       9.921988       6.896732       3.814930       0.000000       3.856680       7.219785       7.441854      11.156780      13.572807      13.326951      10.438330       6.672529       5.654790       4.539922       6.454871       8.897896      12.501299      15.317347      17.353289      20.635902      22.894941      23.688313      22.198145      22.868731      19.310110      16.131262      15.943603      12.664361      13.408413      11.741811      13.749613      14.709897      14.687811      18.369797      19.784651      20.693546      21.838430      18.780893      17.268538      16.600193      16.521759      16.008926      17.878845      16.665203      19.200825      19.076469      18.621641      15.239317      12.203374       9.585316       9.683546       9.729141      10.343391      13.050870      15.694823      13.798151      15.885561      15.715473      15.458381      14.371544      12.448933      10.714239      10.342371       9.033470      11.476462      12.272301      15.903314      17.777594      21.087152      24.458130      27.241562      28.211063      25.733335      22.147106      20.113424      19.249090      15.981335      12.918341      10.977350       8.155878       8.423071       6.988173       9.782668      10.835655
      25.582375      22.830631      19.460062      16.255869      15.067912      12.093675       9.795916       6.246572       3.856680       0.000000       3.825258       5.572992       9.236894      12.431306      12.631469       9.636147       6.255131       5.305961       6.505569       7.828397      10.901977      14.196316      17.232676      19.789684      22.858833      25.348633      25.950897      24.685705      25.246119      21.741062      18.888676      18.954773      15.722676      16.599228      14.688914      16.379019      17.062881      17.492075      21.058731      22.396158      23.721897      24.667145      21.357393      20.126455      19.157240      19.301495      18.363882      20.277138      18.686295      20.979368      20.914249      19.789743      16.380585      13.365459      10.427342      10.650169       9.749543      10.901731      12.940948      15.731503      14.290421      16.316265      15.527057      15.553277      15.371849      14.223735      13.143276      13.587797      12.580337      15.211976      15.810988      19.358353      20.894323      24.123838      27.339819      30.179798      31.427494      29.040491      25.553719      23.587057      22.940538      19.756454      16.679518      14.819236      11.841527      11.537993       9.087076      10.735641      10.761281
      28.829124      26.240934      22.858814      19.578686      18.657053      15.778546      13.445470      10.024987       7.219785       3.825258       0.000000       3.821441       6.507383      10.192656      10.524228       7.698197       5.581835       5.840475       8.790125      10.523685      14.019170      17.260757      20.079079      22.920057      26.023098      28.401318      28.656734      27.255760      27.416178      23.874483      21.212660      21.079815      17.755890      18.409317      16.127342      17.355379      17.834698      18.928270      22.314753      23.321697      25.068010      25.653610      22.095139      21.242064      20.024042      20.616508      19.500986      21.720449      20.173595      22.522505      22.914244      21.436199      17.896545      15.365746      11.993490      11.515163       9.408650      10.394550      11.411124      14.067924      13.168401      15.136376      14.021930      14.671508      15.209221      15.011915      14.330009      15.590687      14.900311      17.901819      18.636036      22.222826      23.745913      26.727552      29.913347      32.578537      33.979347      31.857155      28.445751      26.774771      26.238749      22.917515      20.062012      17.980648      14.964445      14.006677      10.890262      11.290526      10.002888
      29.407728      27.000809      23.366495      20.490385      19.835707      17.159761      14.317039      11.011849       7.441854       5.572992       3.821441       0.000000       3.791806       6.880642       7.598433       5.640288       4.299475       6.859911       9.509029      12.261124      15.624256      19.191893      21.850662      24.313610      27.653927      29.794271      30.122526      28.358065      28.350969      24.659073      21.673265      20.873672      17.247408      17.094975      14.221633      14.726675      14.659515      15.928604      19.103159      20.108200      22.199106      22.853315      19.303940      18.969511      18.217499      19.432779      18.960302      21.684313      20.790987      23.614975      24.347021      23.348801      19.633238      17.301725      13.747701      12.414967       9.958245       9.459402       9.867367      11.745949      10.143641      11.618989      10.341339      10.893599      11.445535      11.584336      11.326204      13.268096      13.381266      16.840590      18.317944      22.091984      24.166187      27.069939      30.483242      32.906513      33.973980      31.936918      28.412462      26.835066      25.894741      22.316889      19.609537      16.933662      13.745239      11.932531       8.392932       7.911087       6.194957
      32.720695      30.478697      26.798834      23.986486      23.532454      20.935343      18.018089      14.788635      11.156780       9.236894       6.507383       3.791806       0.000000       3.840900       5.355838       5.153311       6.453970       9.640783      12.728984      15.663809      19.164457      22.742975      25.239420      27.778067      31.184038      33.189320      33.305599      31.362959      31.031681      27.318964      24.425449      23.324375      19.665823      19.122604      15.939922      15.744278      15.253260      17.118673      19.867188      20.523100      23.068296      23.405146      19.765745      20.005211      19.253794      21.016367      20.640783      23.668976      23.031031      25.968702      27.098015      26.006414      22.228540      20.287558      16.555714      14.690878      11.561122      10.414452       9.341418      10.301299       9.110567       9.989106       8.157583       9.530338      11.002763      12.353783      12.696862      15.360349      15.924996      19.574137      21.276628      25.042545      27.220274      29.900047      33.322552      35.525158      36.592564      34.792801      31.322416      29.989719      29.024408      25.337698      22.856468      19.970011      16.841976      14.531456      10.840175       9.044553       5.862197
      34.311592      32.296940      28.499151      26.035536      25.850729      23.487606      20.315119      17.336426      13.572807      12.431306      10.192656       6.880642       3.840900       0.000000       3.813712       6.285945       8.644280      12.357980      15.074461      18.416588      21.774950      25.483570      27.784302      30.057678      33.607235      35.373528      35.469486      33.236752      32.695255      28.939014      25.915806      24.285011      20.558371      19.318663      15.784328      14.689909      13.548984      15.787485      17.997551      18.406443      21.360744      21.583834      18.049976      18.984018      18.668043      21.049099      21.227526      24.602621      24.536167      27.762497      29.207794      28.450855      24.614866      22.929096      19.165388      16.792788      13.608848      11.439219       9.522491       8.988128       7.300729       6.913894       4.522357       6.636447       8.546925      10.918156      11.861290      15.142072      16.415304      20.210855      22.415421      26.171316      28.707088      31.199417      34.729450      36.649155      37.451504      35.825123      32.353550      31.208519      29.983736      26.174400      23.980251      20.751694      17.754478      14.884786      11.354325       8.553141       4.731382
      32.603081      30.890539      27.130550      24.684378      25.022251      23.084820      19.675875      17.123569      13.326951      12.631469      10.524228       7.598433       5.355838       3.813712       0.000000       3.875877       7.283154      10.934106      13.668592      17.207836      20.622038      24.333443      26.208773      28.522198      32.175919      33.634041      33.395954      30.945173      30.056320      26.337292      23.495176      21.725002      18.135946      16.950729      13.607870      12.738405      12.424445      15.239834      17.625971      17.363241      19.977076      19.647118      15.929811      16.570131      15.730818      18.127102      18.112177      21.561787      21.657761      24.942053      26.742941      26.067226      22.231102      21.029520      17.223755      14.349924      11.024829       8.380686       5.887649       5.274292       4.362098       5.723573       5.758882       8.836409       9.396870      11.517778      11.313262      14.298186      15.007313      18.664284      20.625021      24.227468      26.652699      28.831968      32.282452      33.993736      34.915188      33.570488      30.256796      29.492271      28.573402      24.769201      22.978764      19.972532      17.463394      15.002687      11.940523       9.916979       6.458621
      29.713879      27.897915      24.238491      21.515305      21.844376      19.929920      16.601503      14.107266      10.438330       9.636147       7.698197       5.640288       5.153311       6.285945       3.875877       0.000000       3.850872       7.176949      10.192397      13.575023      17.111341      20.750826      22.622988      25.136026      28.728315      30.278566      29.986881      27.704132      26.937283      23.233494      20.500282      19.173595      15.650822      15.195047      12.298398      12.550713      13.153640      15.591972      18.566750      18.474310      20.512970      20.257177      16.465296      16.208323      14.818145      16.480532      15.867309      19.001238      18.600933      21.698387      23.294533      22.425585      18.590061      17.283098      13.449580      10.754165       7.386786       5.462515       4.360509       6.377666       6.002318       8.724278       9.063474      11.366088      11.340556      12.341676      11.231156      13.416315      13.208025      16.663761      18.075438      21.657166      23.749443      26.038044      29.398132      31.333782      32.506367      31.044674      27.755421      26.912277      26.308857      22.618206      20.702431      18.093616      15.679416      13.918672      11.002124      10.190693       7.486572
      26.584091      24.526249      20.890223      18.034550      18.112921      16.090473      12.816854      10.273987       6.672529       6.255131       5.581835       4.299475       6.453970       8.644280       7.283154       3.850872       0.000000       3.857673       6.616158       9.981306      13.464785      17.143118      19.251472      21.727465      25.259977      27.017927      26.995178      24.941309      24.595268      20.876577      17.986860      17.060253      13.502636      13.581056      11.041528      12.183620      13.153171      14.812366      18.219831      18.632000      20.219616      20.421312      16.779957      15.887164      14.569608      15.519107      14.767987      17.516560      16.727814      19.695549      20.774517      19.965221      16.153040      14.294579      10.567747       8.517644       6.012090       5.329609       6.794302       9.524075       8.430926      11.127686      11.325140      12.602687      12.055759      11.873664      10.263172      11.607797      10.825667      14.109881      15.251084      18.913334      20.894855      23.514069      26.893833      29.141157      30.324762      28.538738      25.145815      23.965528      23.375072      19.783590      17.549294      15.170173      12.670012      11.500076       8.830689       9.317200       7.920183
      24.152271      21.983606      18.576464      15.341970      15.403846      13.482835      10.490996       8.282113       5.654790       5.305961       5.840475       6.859911       9.640783      12.357980      10.934106       7.176949       3.857673       0.000000       3.866076       6.519992      10.225379      13.731483      15.830809      18.613943      22.022345      23.903435      23.801109      22.019218      21.864584      18.255606      15.626362      15.452392      12.286660      13.444929      11.876963      14.026951      15.676726      16.918627      20.548365      21.006044      22.018272      22.217575      18.730223      17.099497      15.325380      15.313354      13.842633      15.894591      14.379642      16.919271      17.614515      16.517181      12.779775      10.661616       6.957859       5.803038       4.474664       6.226551       8.958697      12.362873      11.800995      14.801767      15.178211      16.281586      15.516378      14.730462      12.603107      12.892270      11.025105      13.559117      13.742431      17.162970      18.563784      21.274364      24.451418      26.957972      28.450363      26.556419      23.278088      22.027950      21.903439      18.612501      16.322149      14.708132      12.625130      12.595732      10.654428      12.201283      11.488548
      20.401299      18.188583      14.728125      11.578045      11.826698      10.343810       7.060964       5.885024       4.539922       6.505569       8.790125       9.509029      12.728984      15.074461      13.668592      10.192397       6.616158       3.866076       0.000000       3.850904       6.972980      10.693481      12.713625      15.128222      18.644421      20.474043      20.646732      18.865059      19.069532      15.449926      12.529299      12.557998       9.518563      11.149809      10.332129      13.176669      15.225818      15.800382      19.545685      20.193651      20.610291      21.092846      17.958260      15.792385      14.234111      13.530838      12.246065      13.846750      12.336213      14.878797      15.121589      14.615257      11.033572       8.487625       5.464828       5.281667       6.410430       7.896765      11.385912      14.588285      13.551239      16.479940      17.201580      17.796812      16.343691      14.702656      12.024863      11.179280       8.553946      10.389737      10.172819      13.570066      15.002564      17.954042      21.210857      23.874376      25.212709      23.080061      19.718056      18.264000      18.139719      14.966339      12.646794      11.473384       9.933308      10.929878      10.164990      12.768411      13.143085
      18.794844      16.275871      13.261712       9.598709       9.387054       7.889374       5.669472       5.432545       6.454871       7.828397      10.523685      12.261124      15.663809      18.416588      17.207836      13.575023       9.981306       6.519992       3.850904       0.000000       3.803297       7.219306       9.635468      12.471708      15.684386      17.895506      18.196230      17.004866      17.730289      14.435754      11.983853      13.150104      10.972356      13.465754      13.457743      16.612251      18.772087      18.964081      22.715771      23.537054      23.622091      24.216667      21.297911      18.802069      17.121025      15.710977      13.956182      14.579439      12.256783      13.921474      13.275007      12.400248       9.286282       5.878499       4.207883       6.626029       8.807802      11.242156      14.758527      18.172474      17.356131      20.296906      20.842297      21.271603      19.934187      18.054909      15.455606      14.122925      11.176085      11.990165      10.687507      13.448798      13.998908      17.138777      20.037407      23.078671      24.701273      22.340660      19.159599      17.441477      17.795309      15.212036      12.761370      12.626783      11.533603      13.377962      13.015807      15.935674      16.537739
      15.508906      12.750020      10.031268       6.207157       5.824279       5.295759       4.281068       6.366919       8.897896      10.901977      14.019170      15.624256      19.164457      21.774950      20.622038      17.111341      13.464785      10.225379       6.972980       3.803297       0.000000       3.797955       6.472787       8.931215      12.064963      14.465049      15.226756      14.418295      15.840826      12.896501      10.578862      12.442146      11.088419      13.965316      14.750395      18.158070      20.454893      20.084181      23.745358      24.735580      24.304348      25.134026      22.634260      19.810831      18.367275      16.360174      14.772603      14.611994      12.219045      13.312162      11.747758      11.469476       9.234317       5.660033       6.435617       9.316013      12.180298      14.401996      18.089500      21.379465      20.362705      23.200874      23.874453      23.980989      22.317791      19.954557      17.210407      15.131331      11.929486      11.584597       9.480268      11.503352      11.517998      14.922232      17.623384      20.941843      22.482952      19.801697      16.700644      14.628777      15.219810      13.239830      10.851443      11.801762      11.572038      14.308353      14.857485      18.233255      19.418978
      14.016607      11.100530       9.456496       5.793619       5.073085       5.858302       7.026105       9.523223      12.501299      14.196316      17.260757      19.191893      22.742975      25.483570      24.333443      20.750826      17.143118      13.731483      10.693481       7.219306       3.797955       0.000000       3.790169       6.442894       8.867079      11.715248      12.726446      12.792169      14.883173      12.671527      11.217357      13.941028      13.528258      16.734703      18.039186      21.566845      23.978624      23.412407      26.992346      28.008646      27.268272      28.113777      25.842299      22.802818      21.291088      18.837914      17.039150      16.077747      13.329776      13.392552      10.834492      10.525126       9.573034       6.420321       8.881408      12.238955      15.372290      17.875439      21.584740      24.961649      24.091949      26.981594      27.665133      27.722994      26.048489      23.565432      20.814568      18.483641      15.207404      14.189684      11.455029      12.376985      11.285224      14.524537      16.581888      20.163599      21.918774      19.101217      16.426462      14.251459      15.448791      14.379275      12.360287      14.224067      14.526765      17.600943      18.416590      21.881533      23.162220
      11.635755       9.409750       8.555961       5.590617       6.897327       9.117064       9.837779      12.713258      15.317347      17.232676      20.079079      21.850662      25.239420      27.784302      26.208773      22.622988      19.251472      15.830809      12.713625       9.635468       6.472787       3.790169       0.000000       3.875647       6.507593       8.611094       9.057076       9.148681      11.381525       9.680935       9.102149      12.465796      13.088277      16.645487      18.661247      22.382097      25.205040      24.757147      28.219910      28.863041      27.696081      28.232878      26.203804      22.845562      21.078527      18.113678      16.078613      14.321081      11.485964      10.782692       7.658125       8.055763       8.205522       6.464002       9.883917      12.960903      16.530390      18.988962      22.772724      26.117147      25.530706      28.622032      29.742107      30.048044      28.094114      25.625248      22.525402      19.931541      16.345650      14.676193      11.271692      11.109131       8.971145      11.665667      13.245577      16.855145      18.902269      16.303476      14.093282      12.492621      14.541560      14.050341      13.012700      15.457538      16.530663      19.765604      20.904154      24.372684      25.571888
       7.996240       5.683967       5.921421       4.759715       6.658945      10.047508      11.081373      14.538905      17.353289      19.789684      22.920057      24.313610      27.778067      30.057678      28.522198      25.136026      21.727465      18.613943      15.128222      12.471708       8.931215       6.442894       3.875647       0.000000       3.831649       5.587457       7.285003       7.651875      10.794368       9.746864       9.219295      12.454718      13.693582      16.980791      19.413315      23.071482      25.867222      24.978115      28.202818      28.942106      27.346367      28.099934      26.543110      23.090672      21.749973      18.577803      17.119942      15.076350      12.954068      12.251638       8.995224      10.667955      11.253916       9.970750      13.112081      15.745065      19.379061      21.369886      25.206003      28.303663      27.420456      30.323847      31.587379      31.619104      29.347696      26.552998      23.407398      20.371780      16.904486      14.480415      10.961191       9.734697       7.153348       9.847653      11.165307      14.897433      16.496307      13.503480      11.447641       9.503731      11.816261      12.242213      11.790464      14.957131      16.760258      20.326826      22.110065      25.771612      27.404516
       8.473336       6.490832       8.532109       8.247669       9.091448      12.324968      14.161656      17.536825      20.635902      22.858833      26.023098      27.653927      31.184038      33.607235      32.175919      28.728315      25.259977      22.022345      18.644421      15.684386      12.064963       8.867079       6.507593       3.831649       0.000000       3.781642       6.570434       8.692126      12.350440      12.353990      12.594420      15.940523      17.456753      20.713699      23.207243      26.839581      29.577246      28.525936      31.681753      32.531860      30.817001      31.654728      30.244312      26.772074      25.474714      22.207773      20.705847      18.367865      16.159321      14.809115      11.153388      12.576630      14.012554      12.932519      16.360352      19.255871      22.880917      25.060236      28.888351      32.055801      31.200357      34.090862      35.252449      35.184647      32.972717      30.094925      27.052092      23.964989      20.599390      18.074993      14.620928      13.008229      10.084911      12.033000      12.282991      15.957445      17.583534      14.592486      13.314827      11.423580      13.923308      15.136403      14.810898      18.198229      20.026968      23.677416      25.508722      29.221869      30.938705
       6.524009       6.417482       9.179042       9.902787      11.804095      15.337492      16.592813      20.110371      22.894941      25.348633      28.401318      29.794271      33.189320      35.373528      33.634041      30.278566      27.017927      23.903435      20.474043      17.895506      14.465049      11.715248       8.611094       5.587457       3.781642       0.000000       3.809288       6.193311      10.034245      10.982177      11.979062      15.265172      17.529902      20.737333      23.687731      27.320755      30.302187      29.335623      32.302361      32.820843      30.742798      31.324831      30.219023      26.590443      25.231749      21.699772      20.274086      17.467442      15.678977      13.992894      10.530989      12.801105      14.701522      14.509569      17.964802      20.425283      24.183060      26.135700      29.939260      32.957859      32.251240      35.213455      36.736298      36.834328      34.370693      31.518486      28.245800      25.007401      21.553568      18.636520      15.011292      12.551401       9.075071       9.871176       9.212825      12.713347      14.406736      11.689960      11.223001      10.221681      13.405193      15.151445      15.764362      19.330704      21.666901      25.316055      27.384789      31.058495      32.736244
       8.654702       9.357755      11.331089      11.471014      13.941197      17.257910      17.996193      21.300423      23.688313      25.950897      28.656734      30.122526      33.305599      35.469486      33.395954      29.986881      26.995178      23.801109      20.646732      18.196230      15.226756      12.726446       9.057076       7.285003       6.570434       3.809288       0.000000       3.803593       7.145876       8.930269      11.034713      14.527151      17.184692      20.611389      23.730909      27.439892      30.706064      30.180693      33.187241      33.301273      31.221237      31.348724      30.130070      26.390285      24.569654      20.879896      18.992500      15.779537      13.815297      11.446268       8.089416      10.515560      13.044805      13.817495      17.372999      19.616467      23.407030      25.482046      29.183752      32.242046      31.958559      35.150620      36.912060      37.399376      34.955727      32.383995      28.918425      25.860615      22.198807      19.432417      15.624979      13.122204       9.291494       9.046075       7.679407      10.960156      13.487691      11.623572      11.665706      11.772979      15.320761      16.664877      17.575386      20.877651      23.162746      26.618288      28.432915      31.933033      33.232738
       8.090734       9.318242      10.297494      10.552599      13.783095      17.082636      17.018087      20.274860      22.198145      24.685705      27.255760      28.358065      31.362959      33.236752      30.945173      27.704132      24.941309      22.019218      18.865059      17.004866      14.418295      12.792169       9.148681       7.651875       8.692126       6.193311       3.803593       0.000000       3.856993       5.473187       7.822039      11.089174      14.087308      17.415937      20.726765      24.381729      27.790947      27.459900      30.368082      30.198732      28.038153      27.934454      26.777294      22.997082      21.105013      17.346645      15.553774      12.231769      10.737396       8.762736       6.189966       9.597403      11.492733      12.710308      15.825572      17.449303      21.215458      22.922487      26.549923      29.408117      29.176874      32.370178      34.394787      35.033062      32.432125      29.977751      26.368416      23.338093      19.653744      16.831997      13.051285      10.367687       6.567523       5.614811       4.796762       8.241067      10.932789       9.330131       9.064087       9.930727      13.542707      14.464592      15.823075      18.878420      21.338717      24.612627      26.478868      29.842196      31.043903
      11.111877      12.623618      12.871950      12.820333      16.327190      19.311035      18.600731      21.529659      22.868731      25.246119      27.416178      28.350969      31.031681      32.695255      30.056320      26.937283      24.595268      21.864584      19.069532      17.730289      15.840826      14.883173      11.381525      10.794368      12.350440      10.034245       7.145876       3.856993       0.000000       3.776405       7.322723      10.050341      13.380757      16.614151      20.030216      23.587715      27.221268      27.355053      30.173695      29.532291      27.372477      26.759535      25.568270      21.768494      19.471334      15.661335      13.549110       9.860126       8.716891       6.441276       5.564190       9.138005      10.887179      13.093028      15.745671      16.694746      20.296177      21.819416      25.214375      27.925024      28.084654      31.407715      33.738441      34.751450      32.124699      29.997581      26.251129      23.470852      19.766151      17.194725      13.603143      11.136831       7.946330       5.818532       5.042536       7.126287      10.421494      10.041133      10.059795      11.919660      15.362917      15.745266      17.404425      19.983318      22.378319      25.306253      26.957869      30.038448      30.876684
