       0.000000       3.797690       6.475240       8.498375      11.130800      13.896595      13.242339      12.894784      16.037424      17.904640      17.343655      18.803465      21.636410      23.175879      21.876467      19.619181      17.233963      14.065143      13.613014      17.055807      16.484816      16.470181      16.926807      15.504539      12.511292      11.656342       7.909481       5.370559       8.998369      10.751532      13.580977      15.994832      18.694759      16.721306      17.586882      20.786171      22.129786      21.188406      23.941545      26.094217      26.989992      28.728230      29.974810
       3.797690       0.000000       3.794001       6.511240       8.518358      11.437783      10.304338       9.378818      12.677609      14.518597      13.682460      15.085044      18.036810      19.497890      18.091650      15.892930      13.579585      10.495296      10.449127      14.016023      13.509332      14.174383      14.909415      14.293321      11.360910       9.629256       6.412567       4.703699       8.319496       8.684139      11.615637      13.555061      16.303637      14.188597      14.458466      17.769438      19.268761      18.038626      20.562328      22.933584      23.952667      25.429466      26.764263
       6.475240       3.794001       0.000000       3.789639       6.498383       8.469913       6.920735       7.055141      10.445703      11.683641      11.354030      13.344972      15.791219      17.159908      16.387018      14.280898      12.751331       9.310520      10.456832      13.571589      12.140947      12.922218      12.886439      12.469725      10.341407       9.062989       6.671885       4.496263       6.673595       6.075261       8.252293       9.901030      12.887397      11.267529      11.666719      14.637748      16.468292      15.757838      18.195679      20.208315      21.588800      23.259607      25.006504
       8.498375       6.511240       3.789639       0.000000       3.846765       5.470461       5.632507       6.702039       9.015054      10.637702      11.512936      13.094612      14.908524      16.914337      16.764233      15.420575      14.612623      11.540517      13.457454      16.467827      14.824351      15.946995      15.434144      15.111055      13.585198      12.581688      10.423312       7.818978       9.411593       8.609124       9.321416       9.871123      13.445480      12.827029      12.913445      15.219889      17.730919      17.421381      19.350534      21.146183      23.095421      24.636890      26.816637
      11.130800       8.518358       6.498383       3.846765       0.000000       3.802461       5.202633       4.954328       5.969879       8.579959       9.844852      10.462579      12.151008      14.750282      14.621443      14.064134      13.654444      11.378838      13.790400      16.779253      15.537982      17.466722      17.334284      17.730257      16.231789      14.555479      12.866733      10.963761      12.697688      11.088380      11.553967      10.992538      14.611358      14.170438      13.216444      15.308961      18.232597      17.559158      18.816671      20.917734      23.180157      24.168842      26.497042
      13.896595      11.437783       8.469913       5.470461       3.802461       0.000000       3.810982       5.809599       5.676677       6.935829       9.419668      10.550194      11.104585      13.594461      14.445152      14.205788      14.718967      12.475791      15.495908      17.905699      16.006716      17.878721      17.065067      17.613438      16.916237      15.742840      14.620627      12.696324      13.388774      11.364874      10.536185       8.975588      12.652740      13.171359      12.275181      13.495724      16.802195      16.810799      17.760918      19.303205      21.979759      23.111109      25.845919
      13.242339      10.304338       6.920735       5.632507       5.202633       3.810982       0.000000       3.790050       5.494132       5.419061       6.822989       9.103183      10.189771      11.764218      12.314336      11.309543      11.751175       9.189075      12.357557      14.437313      12.283965      14.162761      13.414620      14.318805      13.730716      12.447614      11.965466      10.768011      10.947301       8.224721       7.503356       6.017995       9.543646       9.534471       8.582947      10.258342      13.306396      13.171818      14.479343      16.121677      18.521999      19.835550      22.414049
      12.894784       9.378818       7.055141       6.702039       4.954328       5.809599       3.790050       0.000000       3.793947       5.285095       5.117125       6.490382       8.789653      10.592883      10.090898       9.146244       9.025350       7.038482      10.140500      12.581012      11.361722      13.918674      14.197542      15.535110      14.243541      11.993255      11.557673      11.074851      12.150008       9.334673       9.905972       8.902790      11.876508      10.902396       9.046366      11.440121      14.178734      12.994654      14.092556      16.529053      18.639999      19.395111      21.631865
      16.037424      12.677609      10.445703       9.015054       5.969879       5.676677       5.494132       3.793947       0.000000       3.761055       5.400541       5.061908       6.192590       9.078218       9.336185       9.885139      10.810965       9.918179      13.243242      15.322716      14.218815      17.094873      17.224649      18.819996      17.859758      15.658189      15.350855      14.693516      15.681102      12.797614      12.634893      10.653644      13.572976      13.383234      10.995194      12.441391      15.668181      14.645123      14.816807      17.134792      19.753672      20.027370      22.603338
      17.904640      14.518597      11.683641      10.637702       8.579959       6.935829       5.419061       5.285095       3.761055       0.000000       3.771383       5.220736       4.945601       6.692998       8.070594       8.519002      10.487501       9.644271      13.380895      14.631584      12.895841      15.738553      15.425716      17.423037      17.166224      15.310597      15.774139      15.467715      15.553121      12.197711      11.216275       8.468602      10.787846      11.124153       8.457839       9.094939      12.543917      11.978204      11.835134      13.734704      16.635571      17.042521      19.935020
      17.343655      13.682460      11.354030      11.512936       9.844852       9.419668       6.822989       5.117125       5.400541       3.771383       0.000000       3.762155       5.555256       5.858255       5.554055       4.919210       6.764895       6.445652      10.165096      11.124295       9.856264      13.136147      13.585142      16.027702      15.438911      13.040622      14.040468      14.601873      14.801072      11.234473      11.146548       9.180055      10.822870       9.974169       6.695564       8.402236      11.095463       9.495813       9.586186      12.291808      14.590008      14.789943      17.236549
      18.803465      15.085044      13.344972      13.094612      10.462579      10.550194       9.103183       6.490382       5.061908       5.220736       3.762155       0.000000       3.801003       5.589460       4.512570       6.007670       7.703384       8.642424      11.880450      13.092877      12.732665      16.260414      17.131554      19.556864      18.613321      15.848217      16.497864      16.970692      17.790989      14.447924      14.645890      12.650176      14.500069      13.720116      10.378969      11.825456      14.478754      12.537927      11.926787      14.888175      17.198183      16.671577      18.968334
      21.636410      18.036810      15.791219      14.908524      12.151008      11.104585      10.189771       8.789653       6.192590       4.945601       5.555256       3.801003       0.000000       3.820630       5.474307       8.103956      10.837758      11.700276      15.198771      15.965698      15.078000      18.482561      18.783092      21.314602      20.944899      18.585915      19.390745      19.578085      19.949043      16.469305      15.808094      13.036859      14.653463      14.790291      11.411489      11.632991      14.690869      13.442432      12.030047      14.333128      17.238037      16.533842      19.348152
      23.175879      19.497890      17.159908      16.914337      14.750282      13.594461      11.764218      10.592883       9.078218       6.692998       5.858255       5.589460       3.820630       0.000000       3.830744       6.388153       9.958704      11.322558      14.709605      14.548303      13.569959      16.998785      17.359304      20.357908      20.368412      18.088415      19.623728      20.388988      20.249563      16.532951      15.758717      12.998509      13.625209      13.630705       9.983994       9.699711      12.211264      10.803623       8.695759      11.031751      13.847162      12.833117      15.718413
      21.876467      18.091650      16.387018      16.764233      14.621443      14.445152      12.314336      10.090898       9.336185       8.070594       5.554055       4.512570       5.474307       3.830744       0.000000       3.825411       6.944760       9.271120      12.151376      12.032395      11.979061      15.710634      16.892225      19.954079      19.374332      16.560749      18.129591      19.363382      19.680294      16.077698      16.199598      14.172025      14.910994      13.921764      10.177022      11.130690      12.993478      10.532558       8.968279      12.242747      14.210622      12.960855      15.084198
      19.619181      15.892930      14.280898      15.420575      14.064134      14.205788      11.309543       9.146244       9.885139       8.519002       4.919210       6.007670       8.103956       6.388153       3.825411       0.000000       3.804643       6.002497       8.742180       8.316736       8.194932      11.963084      13.449185      16.562784      15.868423      13.000346      14.933294      16.614023      16.733973      13.172661      13.749801      12.416396      12.858443      11.095642       7.526088       9.442115      10.659772       7.666521       7.308052      10.936612      12.269003      11.713315      13.457925
      17.233963      13.579585      12.751331      14.612623      13.654444      14.718967      11.751175       9.025350      10.810965      10.487501       6.764895       7.703384      10.837758       9.958704       6.944760       3.804643       0.000000       3.805083       5.373632       5.690673       6.844037      10.539838      12.836383      15.582248      14.099566      10.717493      12.449734      14.559952      15.217830      12.094963      13.718698      13.373788      14.117046      11.527057       8.689000      11.648772      12.381787       9.085057       9.980965      13.609455      14.221326      14.032651      15.016619
      14.065143      10.495296       9.310520      11.540517      11.378838      12.475791       9.189075       7.038482       9.918179       9.644271       6.445652       8.642424      11.700276      11.322558       9.271120       6.002497       3.805083       0.000000       3.791952       5.543494       5.137140       8.335325      10.181247      12.420832      10.772806       7.527567       8.996206      10.908837      11.435892       8.347165      10.301359      10.574633      11.686021       8.841437       6.831543      10.424099      11.340653       8.759032      10.765154      13.842063      14.601773      15.365959      16.622370
      13.613014      10.449127      10.456832      13.457454      13.790400      15.495908      12.357557      10.140500      13.243242      13.380895      10.165096      11.880450      15.198771      14.709605      12.151376       8.742180       5.373632       3.791952       0.000000       3.809274       5.397325       7.686235      10.592112      12.447158      10.025614       6.267832       7.879969      10.752233      11.667882       9.477557      12.339920      13.505402      14.317120      10.933079       9.756669      13.449653      13.548496      10.693759      13.104565      16.203402      16.154556      16.952745      17.415949
      17.055807      14.016023      13.571589      16.467827      16.779253      17.905699      14.437313      12.581012      15.322716      14.631584      11.124295      13.092877      15.965698      14.548303      12.032395       8.316736       5.690673       5.543494       3.809274       0.000000       3.796524       6.293860       9.680548      12.333361      10.709973       7.489368      10.368031      13.557710      13.581247      11.112825      13.399776      14.319723      14.150455      10.663630       9.356845      12.627941      11.813248       8.544292      10.964987      14.002339      13.270355      13.978742      13.970922
      16.484816      13.509332      12.140947      14.824351      15.537982      16.006716      12.283965      11.361722      14.218815      12.895841       9.856264      12.732665      15.078000      13.569959      11.979061       8.194932       6.844037       5.137140       5.397325       3.796524       0.000000       3.812113       6.303474       9.338630       8.539270       6.098542       9.400388      12.159048      11.294600       8.397796      10.072569      10.992132      10.467113       6.919439       6.137252       9.433926       8.567675       5.971205       9.196584      11.639017      11.292708      12.845907      13.578772
      16.470181      14.174383      12.922218      15.946995      17.466722      17.878721      14.162761      13.918674      17.094873      15.738553      13.136147      16.260414      18.482561      16.998785      15.710634      11.963084      10.539838       8.335325       7.686235       6.293860       3.812113       0.000000       3.809266       6.376462       5.916817       4.916318       8.688636      11.656508      10.009501       8.048679       9.878370      11.805418      10.758444       7.070664       8.198421      11.062108       9.428211       7.999005      11.682381      13.243678      12.316820      14.642038      15.025131
      16.926807      14.909415      12.886439      15.434144      17.334284      17.065067      13.414620      14.197542      17.224649      15.425716      13.585142      17.131554      18.783092      17.359304      16.892225      13.449185      12.836383      10.181247      10.592112       9.680548       6.303474       3.809266       0.000000       3.794421       5.586485       6.583096       9.654975      11.653442       8.940365       7.015702       7.561967       9.654526       8.012744       4.827659       7.534267       9.589364       7.975717       8.215094      11.928576      12.522261      12.074470      15.071944      16.085167
      15.504539      14.293321      12.469725      15.111055      17.730257      17.613438      14.318805      15.535110      18.819996      17.423037      16.027702      19.556864      21.314602      20.357908      19.954079      16.562784      15.582248      12.420832      12.447158      12.333361       9.338630       6.376462       3.794421       0.000000       3.781463       6.841490       8.805357      10.203566       6.882351       6.666050       7.492794      10.630430       9.584615       7.101900      10.428666      12.435290      11.282938      11.925626      15.593902      15.999150      15.669042      18.806459      19.779539
      12.511292      11.360910      10.341407      13.585198      16.231789      16.916237      13.730716      14.243541      17.859758      17.166224      15.438911      18.613321      20.944899      20.368412      19.374332      15.868423      14.099566      10.772806      10.025614      10.709973       8.539270       5.916817       5.586485       3.781463       0.000000       3.802390       5.319761       7.446524       5.142929       5.597076       8.252100      11.630709      11.600951       8.517873      11.025504      13.904367      13.189192      12.827595      16.513083      17.721321      17.401585      20.067841      20.800215
      11.656342       9.629256       9.062989      12.581688      14.555479      15.742840      12.447614      11.993255      15.658189      15.310597      13.040622      15.848217      18.585915      18.088415      16.560749      13.000346      10.717493       7.527567       6.267832       7.489368       6.098542       4.916318       6.583096       6.841490       3.802390       0.000000       3.805935       7.127578       6.559454       5.586244       8.969219      11.668625      12.106022       8.573282       9.779753      13.264116      12.863173      11.480644      14.942712      16.909697      16.674892      18.740755      19.372087
       7.909481       6.412567       6.671885      10.423312      12.866733      14.620627      11.965466      11.557673      15.350855      15.774139      14.040468      16.497864      19.390745      19.623728      18.129591      14.933294      12.449734       8.996206       7.879969      10.368031       9.400388       8.688636       9.654975       8.805357       5.319761       3.805935       0.000000       3.770137       4.991850       5.624107       9.432548      12.397818      13.784577      10.772679      12.006183      15.497225      15.784942      14.616594      17.876230      19.913347      20.096333      22.087147      22.931154
       5.370559       4.703699       4.496263       7.818978      10.963761      12.696324      10.768011      11.074851      14.693516      15.467715      14.601873      16.970692      19.578085      20.388988      19.363382      16.614023      14.559952      10.908837      10.752233      13.557710      12.159048      11.656508      11.653442      10.203566       7.446524       7.127578       3.770137       0.000000       3.835908       5.666021       8.829016      11.794956      13.930457      11.723601      13.164225      16.313528      17.255585      16.639406      19.705843      21.505232      22.222593      24.318705      25.602346
       8.998369       8.319496       6.673595       9.411593      12.697688      13.388774      10.947301      12.150008      15.681102      15.553121      14.801072      17.790989      19.949043      20.249563      19.680294      16.733973      15.217830      11.435892      11.667882      13.581247      11.294600      10.009501       8.940365       6.882351       5.142929       6.559454       4.991850       3.835908       0.000000       3.795725       6.328232       9.916798      11.356337       9.333389      11.715268      14.435647      14.994723      15.061407      18.361620      19.572140      20.184624      22.734480      24.119350
      10.751532       8.684139       6.075261       8.609124      11.088380      11.364874       8.224721       9.334673      12.797614      12.197711      11.234473      14.447924      16.469305      16.532951      16.077698      13.172661      12.094963       8.347165       9.477557      11.112825       8.397796       8.048679       7.015702       6.666050       5.597076       5.586244       5.624107       5.666021       3.795725       0.000000       3.827576       6.923685       8.411952       6.081867       7.985370      10.871347      11.716999      11.617487      14.736180      16.102985      16.989182      19.333084      20.963205
      13.580977      11.615637       8.252293       9.321416      11.553967      10.536185       7.503356       9.905972      12.634893      11.216275      11.146548      14.645890      15.808094      15.758717      16.199598      13.749801      13.718698      10.301359      12.339920      13.399776      10.072569       9.878370       7.561967       7.492794       8.252100       8.969219       9.432548       8.829016       6.328232       3.827576       0.000000       3.778042       5.329446       4.746872       7.203621       8.868404      10.226671      11.269098      14.007656      14.616231      16.065035      18.647312      20.815849
      15.994832      13.555061       9.901030       9.871123      10.992538       8.975588       6.017995       8.902790      10.653644       8.468602       9.180055      12.650176      13.036859      12.998509      14.172025      12.416396      13.373788      10.574633      13.505402      14.319723      10.992132      11.805418       9.654526      10.630430      11.630709      11.668625      12.397818      11.794956       9.916798       6.923685       3.778042       0.000000       3.775153       5.204791       6.061913       6.538389       9.086657      10.469765      12.326857      12.732048      14.972309      17.206112      19.909742
      18.694759      16.303637      12.887397      13.445480      14.611358      12.652740       9.543646      11.876508      13.572976      10.787846      10.822870      14.500069      14.653463      13.625209      14.910994      12.858443      14.117046      11.686021      14.317120      14.150455      10.467113      10.758444       8.012744       9.584615      11.600951      12.106022      13.784577      13.930457      11.356337       8.411952       5.329446       3.775153       0.000000       3.772103       5.533347       4.719861       6.174410       8.621639      10.634237      10.179440      12.125512      14.853425      17.524857
      16.721306      14.188597      11.267529      12.827029      14.170438      13.171359       9.534471      10.902396      13.383234      11.124153       9.974169      13.720116      14.790291      13.630705      13.921764      11.095642      11.527057       8.841437      10.933079      10.663630       6.919439       7.070664       4.827659       7.101900       8.517873       8.573282      10.772679      11.723601       9.333389       6.081867       4.746872       5.204791       3.772103       0.000000       3.777243       5.511783       5.747863       6.745218       9.773707      10.330685      11.390443      14.066691      16.125212
      17.586882      14.458466      11.666719      12.913445      13.216444      12.275181       8.582947       9.046366      10.995194       8.457839       6.695564      10.378969      11.411489       9.983994      10.177022       7.526088       8.689000       6.831543       9.756669       9.356845       6.137252       8.198421       7.534267      10.428666      11.025504       9.779753      12.006183      13.164225      11.715268       7.985370       7.203621       6.061913       5.533347       3.777243       0.000000       3.790321       5.227685       4.734154       6.984848       8.551055      10.183155      11.986677      14.325778
      20.786171      17.769438      14.637748      15.219889      15.308961      13.495724      10.258342      11.440121      12.441391       9.094939       8.402236      11.825456      11.632991       9.699711      11.130690       9.442115      11.648772      10.424099      13.449653      12.627941       9.433926      11.062108       9.589364      12.435290      13.904367      13.264116      15.497225      16.313528      14.435647      10.871347       8.868404       6.538389       4.719861       5.511783       3.790321       0.000000       3.779366       5.484212       6.255750       6.236915       8.889138      10.844042      13.875802
      22.129786      19.268761      16.468292      17.730919      18.232597      16.802195      13.306396      14.178734      15.668181      12.543917      11.095463      14.478754      14.690869      12.211264      12.993478      10.659772      12.381787      11.340653      13.548496      11.813248       8.567675       9.428211       7.975717      11.282938      13.189192      12.863173      15.784942      17.255585      14.994723      11.716999      10.226671       9.086657       6.174410       5.747863       5.227685       3.779366       0.000000       3.814959       5.605743       4.811975       5.990087       8.879486      11.400078
      21.188406      18.038626      15.757838      17.421381      17.559158      16.810799      13.171818      12.994654      14.645123      11.978204       9.495813      12.537927      13.442432      10.803623      10.532558       7.666521       9.085057       8.759032      10.693759       8.544292       5.971205       7.999005       8.215094      11.925626      12.827595      11.480644      14.616594      16.639406      15.061407      11.617487      11.269098      10.469765       8.621639       6.745218       4.734154       5.484212       3.814959       0.000000       3.771789       5.670429       5.974676       7.723911       9.670275
      23.941545      20.562328      18.195679      19.350534      18.816671      17.760918      14.479343      14.092556      14.816807      11.835134       9.586186      11.926787      12.030047       8.695759       8.968279       7.308052       9.980965      10.765154      13.104565      10.964987       9.196584      11.682381      11.928576      15.593902      16.513083      14.942712      17.876230      19.705843      18.361620      14.736180      14.007656      12.326857      10.634237       9.773707       6.984848       6.255750       5.605743       3.771789       0.000000       3.817459       5.321619       5.373000       8.283197
      26.094217      22.933584      20.208315      21.146183      20.917734      19.303205      16.121677      16.529053      17.134792      13.734704      12.291808      14.888175      14.333128      11.031751      12.242747      10.936612      13.609455      13.842063      16.203402      14.002339      11.639017      13.243678      12.522261      15.999150      17.721321      16.909697      19.913347      21.505232      19.572140      16.102985      14.616231      12.732048      10.179440      10.330685       8.551055       6.236915       4.811975       5.670429       3.817459       0.000000       3.804238       5.229650       8.691738
      26.989992      23.952667      21.588800      23.095421      23.180157      21.979759      18.521999      18.639999      19.753672      16.635571      14.590008      17.198183      17.238037      13.847162      14.210622      12.269003      14.221326      14.601773      16.154556      13.270355      11.292708      12.316820      12.074470      15.669042      17.401585      16.674892      20.096333      22.222593      20.184624      16.989182      16.065035      14.972309      12.125512      11.390443      10.183155       8.889138       5.990087       5.974676       5.321619       3.804238       0.000000       3.814796       5.941041
      28.728230      25.429466      23.259607      24.636890      24.168842      23.111109      19.835550      19.395111      20.027370      17.042521      14.789943      16.671577      16.533842      12.833117      12.960855      11.713315      14.032651      15.365959      16.952745      13.978742      12.845907      14.642038      15.071944      18.806459      20.067841      18.740755      22.087147      24.318705      22.734480      19.333084      18.647312      17.206112      14.853425      14.066691      11.986677      10.844042       8.879486       7.723911       5.373000       5.229650       3.814796       0.000000       3.806579
      29.974810      26.764263      25.006504      26.816637      26.497042      25.845919      22.414049      21.631865      22.603338      19.935020      17.236549      18.968334      19.348152      15.718413      15.084198      13.457925      15.016619      16.622370      17.415949      13.970922      13.578772      15.025131      16.085167      19.779539      20.800215      19.372087      22.931154      25.602346      24.119350      20.963205      20.815849      19.909742      17.524857      16.125212      14.325778      13.875802      11.400078       9.670275       8.283197       8.691738       5.941041       3.806579       0.000000
