       0.000000       3.819948       5.242084       8.576937      10.944437      14.646144      17.972433      20.049627      22.899193      24.963167      24.874811      28.013123      28.164753      31.295256      29.755583      26.267988      24.228630      23.407516      21.305595      18.389339      18.750248      15.475894      15.305593      15.590034      19.115158      18.538464      20.495726      20.290703      18.230295      20.158659      18.988956      21.058620      21.769857      20.732790      17.013254      17.002024      16.116203      19.872643      21.254843      24.438713      23.046616      21.909517      23.268089      21.931561      23.857878      24.367100      22.672674      19.944656      16.547926      13.846589      10.156885       9.832107       8.928337      11.876987      14.109241      17.469780      19.952299      23.657839      24.708544      21.836643      18.104687      17.016933      14.358829      12.942801      11.492392      12.878889      12.594625      14.948126      14.303946
       3.819948       0.000000       3.800975       6.606888       9.949569      13.305728      16.869347      18.825926      21.227566      23.430742      23.552233      26.637568      27.225491      30.160276      28.268457      25.011951      22.578537      21.579794      19.202290      16.426004      16.589449      13.185047      13.480032      13.140258      16.474825      15.404636      17.308228      17.485685      15.481534      17.668976      17.106585      19.454229      20.807915      19.888947      16.074635      16.742599      16.693598      20.475740      22.474913      25.330830      23.603743      21.898981      23.000317      21.520428      23.404030      23.499290      21.992785      19.710386      16.429171      13.617713       9.896669       8.658862       6.683218       8.766805      11.168412      14.410784      16.991125      20.737589      21.547958      18.514080      14.820065      14.262646      12.163629      11.367868      11.096642      12.488575      13.177516      15.695088      15.357574
       5.242084       3.800975       0.000000       3.799797       6.633891       9.974267      13.347573      15.224058      17.863676      19.975039      20.075981      23.280031      23.819464      26.913956      25.267397      21.953930      19.562235      18.424828      16.130657      13.209435      13.674959      10.571890      11.124796      11.754869      14.867296      14.075830      15.647234      15.127355      13.077629      15.152443      14.220252      16.745104      17.850250      17.402397      13.540624      13.718437      13.876421      17.647564      19.708652      22.340467      20.316288      18.668339      19.489994      17.823452      19.629761      19.799410      18.331669      15.948777      12.757022       9.825546       6.111040       5.246623       4.723768       7.611001      10.579137      14.205894      16.054638      19.775970      20.388849      17.384897      13.586795      12.447781       9.702757       9.269441       8.687740       9.200179       9.754235      12.086082      11.907670
       8.576937       6.606888       3.799797       0.000000       3.814167       6.756195      10.429369      12.703626      14.931233      17.494164      18.213213      21.637911      22.688694      25.822485      24.212208      21.175064      18.372358      16.571323      13.762183      10.487763      10.248221       6.904205       7.390403       8.226132      11.199267      10.759263      12.545450      12.099709      10.754678      13.452404      13.114388      16.274719      17.709738      18.014526      14.233695      14.322382      15.202968      18.782104      21.043060      23.216303      20.662701      18.867830      18.936045      16.661476      17.898964      17.433332      15.735041      13.942451      10.736903       8.447714       5.598237       5.546704       5.949963       7.408697      11.032567      14.510430      15.762910      19.394508      19.298439      15.979302      12.234630      11.617705       9.189828      10.233624      10.434435       9.731479      10.433739      11.911331      11.398599
      10.944437       9.949569       6.633891       3.814167       0.000000       3.808391       7.280971      10.103529      12.637499      15.330960      16.331093      20.004662      21.014715      24.408129      23.290133      20.280190      17.620234      15.460334      12.713044       9.080585       8.698758       6.053405       5.856604       8.405125      10.927109      11.487192      13.079691      11.910749      11.126959      13.663831      12.962893      16.247288      17.176416      18.161198      14.625504      13.836805      14.707759      18.012686      19.978785      21.866114      18.999989      17.609131      17.109098      14.340524      15.038102      14.473101      12.351227      10.524041       7.108308       5.639534       4.274676       6.411163       8.601344      10.200606      13.734253      17.188641      17.783596      21.191681      20.814447      17.620970      14.092772      13.105168      10.333590      11.729369      11.382985       9.421729       9.236770       9.509563       8.469179
      14.646144      13.305728       9.974267       6.756195       3.808391       0.000000       3.814238       6.875433       8.979690      11.965538      13.518732      17.286810      18.744686      22.080183      21.082138      18.436769      15.565621      12.856907       9.894998       6.147661       5.367244       4.137011       4.832906       8.199236       9.388013      10.243162      11.176205       9.386887       9.362785      11.878716      11.552312      15.104784      16.175207      17.893221      14.765404      13.934072      15.531568      18.360655      20.554295      21.813309      18.529989      16.953424      15.678301      12.455214      12.533713      11.296515       9.230157       8.301035       5.738636       5.495400       6.399647       8.161700      10.607550      11.286769      14.616187      17.708054      17.526499      20.568836      19.666346      16.588980      13.508135      12.642941      10.344726      12.673243      12.920957      10.219848      10.443481       9.963784       9.368213
      17.972433      16.869347      13.347573      10.429369       7.280971       3.814238       0.000000       3.836544       6.105306       8.959798      10.859484      14.701901      16.237972      19.647163      19.132751      16.756880      14.124778      11.143613       8.673640       5.531637       5.404297       6.697393       7.578788      11.114530      11.251325      12.350450      12.443597       9.822784      10.221054      11.947052      11.359696      14.667543      15.298604      17.722565      15.196506      13.868410      15.739065      17.930771      20.011902      20.657633      17.081635      15.708984      13.666728      10.027693       9.279736       7.613133       5.485945       5.347931       4.530060       5.913202       8.602199      10.515844      13.424496      14.000421      16.924034      19.765835      18.918072      21.522837      20.413340      17.758221      15.194415      14.001637      11.855272      14.341378      14.500112      11.162656      11.167280       9.722035       9.543089
      20.049627      18.825926      15.224058      12.703626      10.103529       6.875433       3.836544       0.000000       3.844879       5.464389       7.023349      10.866139      12.516549      15.846746      15.402031      13.203930      10.691111       7.711499       6.091152       4.466881       6.383534       8.877352      10.842277      13.974088      13.553215      13.904285      12.908938       9.487951       9.437356       9.974324       9.044679      11.955524      12.435795      15.356084      13.479457      12.213499      14.683598      16.261272      18.652763      18.701841      14.982608      13.244885      10.751012       7.188681       6.570651       4.972460       5.064474       5.357760       6.704557       7.195938      10.180545      11.265495      14.179661      14.462227      16.728708      19.196150      17.705690      19.832548      18.760469      16.699627      14.664207      12.990937      11.160511      13.753784      14.227173      10.732681      11.369686      10.142395      11.236023
      22.899193      21.227566      17.863676      14.931233      12.637499       8.979690       6.105306       3.844879       0.000000       3.817664       7.108968      10.469432      13.122571      15.876888      15.255908      13.932067      11.050195       7.404327       5.428634       5.211596       5.940260       9.544884      11.664426      14.290454      12.819510      13.176011      11.581819       8.178024       9.379098       9.965330      10.299986      13.241477      14.337802      17.485136      15.943120      15.260465      18.099186      19.467897      22.046539      21.745541      17.989233      16.002207      13.163586       9.866025       8.548682       5.587293       6.338977       8.446321       9.976184      10.828813      13.478584      14.152499      16.528639      15.989204      18.075207      20.024824      18.097816      19.778915      18.028049      16.080633      14.739083      13.804959      12.971707      16.123720      17.267164      14.032512      15.088497      13.983803      14.869676
      24.963167      23.430742      19.975039      17.494164      15.330960      11.965538       8.959798       5.464389       3.817664       0.000000       3.802864       6.795936       9.615255      12.199053      11.914293      10.969966       8.636463       5.437443       5.741785       7.357225       9.353196      12.814590      15.228676      17.846355      16.431347      16.344248      14.202721      10.506666      10.905128      10.089318       9.809903      11.787073      12.400429      15.946059      15.235248      14.467146      17.527147      18.180735      20.807888      19.907856      16.194479      14.118057      10.919452       8.227873       7.039591       4.863267       7.685660       9.448274      11.914198      12.399017      15.244341      15.596027      18.058981      17.599384      19.085434      20.738632      18.339296      19.489811      17.980082      16.800314      15.947001      14.447066      13.752820      16.581375      17.687178      14.455223      15.682789      14.631266      16.266188
      24.874811      23.552233      20.075981      18.213213      16.331093      13.518732      10.859484       7.023349       7.108968       3.802864       0.000000       3.850727       6.050596       8.946836       8.759232       7.371752       5.775946       4.085407       6.563475       8.726427      11.749947      14.714021      17.420113      20.054623      19.091602      18.536850      16.246046      12.408890      11.653633       9.750854       8.353466       9.206196       9.125807      12.865072      12.829622      11.984161      15.159687      15.264042      18.019522      16.803423      13.247484      10.904614       7.766372       6.152387       6.414423       6.406466       9.733854      10.261726      12.867119      12.551651      15.234309      15.178509      17.668573      17.504011      18.449478      20.003971      17.468071      18.392780      17.527588      16.915262      16.122372      13.873932      12.997461      15.223722      16.146799      13.097796      14.540027      13.884616      16.297678
      28.013123      26.637568      23.280031      21.637911      20.004662      17.286810      14.701901      10.866139      10.469432       6.795936       3.850727       0.000000       3.851597       5.449002       5.587276       5.697298       5.593227       5.843433       9.290184      12.145771      15.180136      18.213860      21.099260      23.538391      22.363750      21.507662      18.800900      15.055899      14.175285      11.528562      10.280439       9.826468       9.476007      13.185246      14.197979      13.713519      16.947121      16.319202      19.094324      17.249790      14.094218      11.671308       8.755557       8.688362       9.170390       9.585701      13.211784      13.831211      16.609770      16.139168      18.650715      18.222834      20.432129      20.049307      20.398289      21.423388      18.471235      18.652672      17.901579      18.107027      17.994242      15.709688      15.372818      17.329248      18.436741      15.776587      17.441273      17.018696      19.729183
      28.164753      27.225491      23.819464      22.688694      21.014715      18.744686      16.237972      12.516549      13.122571       9.615255       6.050596       3.851597       0.000000       3.852729       5.624091       4.754145       6.855427       8.424900      11.924545      14.266375      17.616129      20.263407      23.013554      25.687231      24.975006      24.151543      21.695101      17.900982      16.472004      13.672397      11.450705      10.070339       8.259766      11.833323      13.498599      12.440226      15.221587      13.842164      16.289450      13.993981      11.156049       9.109870       6.420572       7.894741       9.174086      10.960866      14.495418      14.297523      17.171535      16.456427      18.951969      18.617157      21.037144      21.231794      21.409439      22.615093      19.894657      20.151808      20.071445      20.430918      20.017414      17.184141      16.301893      17.474110      17.945744      15.410407      16.718485      16.302137      19.387875
      31.295256      30.160276      26.913956      25.822485      24.408129      22.080183      19.647163      15.846746      15.876888      12.199053       8.946836       5.449002       3.852729       0.000000       3.827746       5.585340       8.308439      10.475408      14.221273      17.101500      20.395121      23.182011      26.148655      28.574854      27.589279      26.477592      23.649338      19.984016      18.593771      15.398975      13.670140      11.678781      10.293615      13.376486      15.703785      15.275518      18.126022      16.424246      18.913033      16.301735      14.046885      11.937276       9.934540      11.736352      12.857496      14.260111      17.933645      18.042690      20.906437      20.093695      22.391722      21.687613      23.744061      23.567183      23.269400      23.925468      20.864506      20.419477      20.344984      21.378107      21.602335      18.954515      18.690422      19.846909      20.693373      18.549784      20.182600      20.037821      23.191679
      29.755583      28.268457      25.267397      24.212208      23.290133      21.082138      19.132751      15.402031      15.255908      11.914293       8.759232       5.587276       5.624091       3.827746       0.000000       3.832750       5.885082       8.674928      12.419791      15.636612      19.002186      21.613403      24.896378      26.917986      25.891958      24.326639      21.288017      17.819881      16.165092      12.669393      11.363907       9.124776       8.825322      11.596761      13.854230      14.340219      17.609505      16.427038      19.499308      17.433834      15.164423      12.244965      10.817858      12.388630      13.989734      14.957395      18.442587      18.503170      20.869503      19.578178      21.391306      20.119909      21.674080      21.056883      20.399508      20.676140      17.444841      16.729563      16.691713      18.009085      18.554316      16.054785      16.356178      17.658792      19.111195      17.377647      19.636826      20.096745      23.292543
      26.267988      25.011951      21.953930      21.175064      20.280190      18.436769      16.756880      13.203930      13.932067      10.969966       7.371752       5.697298       4.754145       5.585340       3.832750       0.000000       3.849628       7.238041      10.836443      13.490820      17.152912      19.347536      22.549107      24.721045      24.180124      22.675192      20.022928      16.461393      14.300188      10.925352       8.653233       6.154297       5.071959       8.214172      10.296551      10.516263      13.788728      12.789458      16.028318      14.347622      11.934231       8.688686       7.682222       9.535198      11.902714      13.397912      16.553289      15.947037      18.005882      16.352779      18.003798      16.746878      18.482916      18.325480      17.845783      18.629198      15.813779      15.832000      16.236034      16.999865      16.811550      13.809190      13.436654      14.372328      15.472675      13.717862      15.937215      16.607862      19.950342
      24.228630      22.578537      19.562235      18.372358      17.620234      15.565621      14.124778      10.691111      11.050195       8.636463       5.775946       5.593227       6.855427       8.308439       5.885082       3.849628       0.000000       3.791213       7.208129      10.140508      13.712523      15.961760      19.330847      21.264837      20.548346      18.924265      16.187094      12.654287      10.583016       7.226239       5.555844       4.448518       5.672737       8.823731       9.548847      10.313680      13.994285      14.034689      17.532187      16.519707      13.662684      10.203356       8.867435       9.233296      11.298505      11.892304      14.724211      14.434636      16.098068      14.419028      15.915076      14.497452      16.039267      15.404357      15.207329      16.050827      13.151611      13.522516      13.366548      13.641969      13.387321      10.694638      10.680165      12.462787      14.196774      12.289829      14.896778      15.680233      18.673712
      23.407516      21.579794      18.424828      16.571323      15.460334      12.856907      11.143613       7.711499       7.404327       5.437443       4.085407       5.843433       8.424900      10.475408       8.674928       7.238041       3.791213       0.000000       3.794247       7.057980      10.332110      13.044388      16.323153      18.332518      17.291750      16.011585      13.327444       9.594317       8.338255       5.874166       5.355252       6.778962       8.398371      11.597526      11.192360      11.573524      15.182323      15.853259      19.163662      18.438154      15.123039      12.033092       9.936185       8.717526       9.812859       9.322080      11.883265      12.230575      13.853365      12.737279      14.569391      13.627262      15.393791      14.544219      15.134996      16.320345      13.594372      14.466558      13.466590      12.873189      12.334964      10.283643      10.206231      12.879895      14.689843      12.230740      14.579461      14.856413      17.282303
      21.305595      19.202290      16.130657      13.762183      12.713044       9.894998       8.673640       6.091152       5.428634       5.741785       6.563475       9.290184      11.924545      14.221273      12.419791      10.836443       7.208129       3.794247       0.000000       3.760598       6.693293       9.454566      12.817336      14.633668      13.502913      12.290927       9.814683       5.995501       5.304581       4.610484       5.543186       8.660277      10.832498      13.517806      12.033294      12.525039      15.928660      17.399799      20.649471      20.512148      17.081463      14.165659      12.231656      10.078790      10.698725       9.304230      10.764245      11.327990      12.149202      11.159280      12.707664      11.894422      13.496250      12.338986      13.626777      15.137265      12.872014      14.418695      12.953048      11.319450      10.210142       8.892958       8.819152      12.179667      14.205879      11.708986      14.012094      14.289402      16.063749
      18.389339      16.426004      13.209435      10.487763       9.080585       6.147661       5.531637       4.466881       5.211596       7.357225       8.726427      12.145771      14.266375      17.101500      15.636612      13.490820      10.140508       7.057980       3.760598       0.000000       3.835285       6.089570       9.276065      11.477370      10.940329      10.287224       8.932259       5.489178       5.046635       6.504107       6.842615      10.533821      12.319656      14.627011      12.277268      12.280421      15.153613      17.258795      20.213902      20.646654      17.179392      14.685907      12.977743      10.176279      10.619321       9.119880       9.214731       9.316136       9.162395       8.235104       9.672595       9.473560      11.433146      10.791101      13.016907      15.270123      13.861391      16.187210      14.931637      12.485949      10.324274       9.168538       8.034083      11.363813      12.888481      10.158623      11.956806      12.055380      13.198348
      18.750248      16.589449      13.674959      10.248221       8.698758       5.367244       5.404297       6.383534       5.940260       9.353196      11.749947      15.180136      17.616129      20.395121      19.002186      17.152912      13.712523      10.332110       6.693293       3.835285       0.000000       3.835250       6.511476       8.534859       7.415904       7.624816       7.115986       4.771631       6.499850       9.254021      10.454793      14.232220      16.151854      18.349518      15.761594      15.750317      18.307777      20.674139      23.413618      24.028360      20.512383      18.291243      16.437769      13.260637      12.925834      10.620533       9.631984      10.489469       9.690560       9.714278      10.894732      11.240632      12.833917      11.898705      14.658997      16.891825      15.855892      18.302271      16.538528      13.558393      11.380418      11.388798      10.623508      14.030153      15.529763      12.965559      14.292514      14.030560      14.190639
      15.475894      13.185047      10.571890       6.904205       6.053405       4.137011       6.697393       8.877352       9.544884      12.814590      14.714021      18.213860      20.263407      23.182011      21.613403      19.347536      15.961760      13.044388       9.454566       6.089570       3.835250       0.000000       3.786005       5.439262       5.976184       6.128062       7.317862       6.509704       7.248349      10.655644      11.633134      15.459596      17.426054      18.962729      15.806509      15.945845      18.019365      20.924049      23.554136      24.758753      21.497490      19.369616      18.150116      15.141239      15.300550      13.523642      11.951557      11.876014       9.810924       9.189481       9.107267       9.407613      10.503197       9.802081      13.119536      15.755934      15.596958      18.590820      17.219858      13.791127      10.871240      11.137657       9.975334      12.973433      14.290644      12.281728      13.463513      13.705369      13.372532
      15.305593      13.480032      11.124796       7.390403       5.856604       4.832906       7.578788      10.842277      11.664426      15.228676      17.420113      21.099260      23.013554      26.148655      24.896378      22.549107      19.330847      16.323153      12.817336       9.276065       6.511476       3.786005       0.000000       3.840636       5.592636       7.620109      10.018985       9.906141      11.031978      14.411033      15.114057      18.884224      20.490911      22.017311      18.719418      18.385105      19.924353      22.967665      25.160273      26.587816      23.352104      21.709204      20.425501      17.139353      16.842880      14.960111      12.505672      12.437381       9.753123      10.059283       9.948065      11.282551      12.539289      12.465315      16.050100      18.881485      19.111294      22.227341      20.866114      17.320694      14.333992      14.707370      13.206812      15.738473      16.421036      14.367781      14.687850      14.377497      13.023420
      15.590034      13.140258      11.754869       8.226132       8.405125       8.199236      11.114530      13.974088      14.290454      17.846355      20.054623      23.538391      25.687231      28.574854      26.917986      24.721045      21.264837      18.332518      14.633668      11.477370       8.534859       5.439262       3.840636       0.000000       3.854003       5.512160       8.973840      10.316862      11.646130      15.374204      16.740829      20.527697      22.639112      23.826622      20.421457      20.703226      22.341801      25.558006      27.968977      29.543259      26.418987      24.476904      23.425365      20.343815      20.268818      18.275791      16.086998      16.159653      13.486527      13.289344      12.403760      12.895344      13.052134      12.212759      15.674625      18.133966      18.742605      21.868792      20.338501      16.555655      13.707894      14.984359      14.196414      16.771231      17.973988      16.574490      17.362581      17.622301      16.381512
      19.115158      16.474825      14.867296      11.199267      10.927109       9.388013      11.251325      13.553215      12.819510      16.431347      19.091602      22.363750      24.975006      27.589279      25.891958      24.180124      20.548346      17.291750      13.502913      10.940329       7.415904       5.976184       5.592636       3.854003       0.000000       3.839787       6.794427       8.528808      10.997459      14.668784      16.667166      20.500820      22.866947      24.469215      21.412247      21.847565      23.979153      26.887463      29.514940      30.655563      27.306471      25.158295      23.652067      20.460426      19.993851      17.462376      15.613208      16.538965      14.620719      14.837543      14.689401      14.988056      15.274278      13.769052      16.864597      18.817213      18.766781      21.437937      19.305986      15.654223      13.511571      15.213408      15.099003      18.244602      19.913383      18.201742      19.317974      19.332245      18.412319
      18.538464      15.404636      14.075830      10.759263      11.487192      10.243162      12.350450      13.904285      13.176011      16.344248      18.536850      21.507662      24.151543      26.477592      24.326639      22.675192      18.924265      16.011585      12.290927      10.287224       7.624816       6.128062       7.620109       5.512160       3.839787       0.000000       3.847247       6.630527       8.627261      12.330125      14.793190      18.484173      21.292179      22.559572      19.568357      20.643740      23.037577      25.945238      28.914110      30.058783      26.858261      24.292572      23.121420      20.358150      20.470041      18.223108      17.036232      17.664564      15.877028      15.221942      14.596626      13.916015      13.480890      11.194931      13.859621      15.394621      15.347626      17.956034      15.825331      12.085436      10.071226      12.321916      12.918198      16.161880      18.427563      17.213905      19.011454      19.702614      19.415005
      20.495726      17.308228      15.647234      12.545450      13.079691      11.176205      12.443597      12.908938      11.581819      14.202721      16.246046      18.800900      21.695101      23.649338      21.288017      20.022928      16.187094      13.327444       9.814683       8.932259       7.115986       7.317862      10.018985       8.973840       6.794427       3.847247       0.000000       3.843256       6.353766       9.596250      12.663619      16.158518      19.249498      20.724897      18.193365      19.582512      22.448448      24.981915      28.223984      28.968367      25.724974      22.849298      21.526230      19.032875      19.250723      16.979216      16.586374      17.492094      16.436796      15.599881      15.419147      14.270491      13.935494      11.182207      13.128464      14.100485      13.185987      15.276142      12.732708       9.269589       8.086025      10.461395      11.836739      15.446106      18.181299      16.869440      19.157433      19.943689      20.310781
      20.290703      17.485685      15.127355      12.099709      11.910749       9.386887       9.822784       9.487951       8.178024      10.506666      12.408890      15.055899      17.900982      19.984016      17.819881      16.461393      12.654287       9.594317       5.995501       5.489178       4.771631       6.509704       9.906141      10.316862       8.528808       6.630527       3.843256       0.000000       3.788737       6.675406       9.475125      13.046120      15.900539      17.785917      15.503649      16.584751      19.648460      21.882977      25.125322      25.589899      22.249771      19.384161      17.836897      15.358286      15.612348      13.481662      13.552118      14.435925      13.941334      13.095163      13.563452      12.560593      13.027795      10.802215      12.688535      14.002178      12.478932      14.491059      12.219217       9.247281       7.901422       8.916863       9.816031      13.608395      16.160246      14.343440      16.652330      17.225662      18.022596
      18.230295      15.481534      13.077629      10.754678      11.126959       9.362785      10.221054       9.437356       9.379098      10.905128      11.653633      14.175285      16.472004      18.593771      16.165092      14.300188      10.583016       8.338255       5.304581       5.046635       6.499850       7.248349      11.031978      11.646130      10.997459       8.627261       6.353766       3.788737       0.000000       3.795403       6.361521       9.925517      12.973469      14.389628      11.967919      13.480037      16.602585      18.900068      22.323812      22.963341      19.882336      16.776447      15.847007      13.935728      15.083227      13.818040      14.240803      14.211148      13.579516      11.750824      11.702968       9.893389      10.120312       7.903590       9.391875      10.926576       9.412764      11.826512      10.384953       7.540946       5.392938       5.271640       6.187155       9.990838      12.824262      11.419502      14.241107      15.497000      16.865431
      20.158659      17.668976      15.152443      13.452404      13.663831      11.878716      11.947052       9.974324       9.965330      10.089318       9.750854      11.528562      13.672397      15.398975      12.669393      10.925352       7.226239       5.874166       4.610484       6.504107       9.254021      10.655644      14.411033      15.374204      14.668784      12.330125       9.596250       6.675406       3.795403       0.000000       3.825820       6.681988      10.076031      11.648534      10.042462      11.925529      15.459533      17.152254      20.807001      21.009108      18.069313      14.629683      13.812186      12.663074      14.300294      13.598330      14.962392      14.806818      14.933682      12.867826      13.183696      11.065470      11.487263       9.580934       9.858541      10.800448       8.286257       9.931550       8.908905       7.441650       6.481702       4.806905       6.213953       9.563792      12.550797      11.229280      14.416736      15.837440      17.943380
      18.988956      17.106585      14.220252      13.114388      12.962893      11.552312      11.359696       9.044679      10.299986       9.809903       8.353466      10.280439      11.450705      13.670140      11.363907       8.653233       5.555844       5.355252       5.543186       6.842615      10.454793      11.633134      15.114057      16.740829      16.667166      14.793190      12.663619       9.475125       6.361521       3.825820       0.000000       3.856109       6.615633       8.362314       6.712326       8.185813      11.814011      13.341737      16.995943      17.213476      14.349948      10.887594      10.452188       9.776903      12.152380      12.414240      13.958269      13.008562      13.329353      10.847561      11.369745       9.368855      10.582574       9.931079      10.219318      11.838107       9.762266      11.596357      11.662045      10.621107       9.053315       5.908971       5.182463       7.589535       9.859262       8.223848      11.422591      12.981388      15.615598
      21.058620      19.454229      16.745104      16.274719      16.247288      15.104784      14.667543      11.955524      13.241477      11.787073       9.206196       9.826468      10.070339      11.678781       9.124776       6.154297       4.448518       6.778962       8.660277      10.533821      14.232220      15.459596      18.884224      20.527697      20.500820      18.484173      16.158518      13.046120       9.925517       6.681988       3.856109       0.000000       3.856968       5.344902       5.529045       7.532593      11.222785      11.836248      15.675812      15.463927      13.102175       9.308434       9.618630      10.413656      13.347384      14.369356      16.493088      15.318090      16.073496      13.457537      13.961491      11.780709      12.796005      12.419544      11.716800      12.724522      10.345691      11.321129      12.231934      12.338782      11.465710       8.042761       7.674693       8.570005      10.524095       9.541938      12.730353      14.534493      17.704262
      21.769857      20.807915      17.850250      17.709738      17.176416      16.175207      15.298604      12.435795      14.337802      12.400429       9.125807       9.476007       8.259766      10.293615       8.825322       5.071959       5.672737       8.398371      10.832498      12.319656      16.151854      17.426054      20.490911      22.639112      22.866947      21.292179      19.249498      15.900539      12.973469      10.076031       6.615633       3.856968       0.000000       3.835821       5.446375       5.671652       9.041620       8.673732      12.371166      11.741245       9.496991       5.674921       6.590151       8.574355      11.972326      13.938642      16.241320      14.590458      15.772784      13.292936      14.246954      12.701703      14.423004      14.954655      14.520931      15.918097      13.915330      14.891678      16.038921      16.166409      15.028194      11.426485      10.073647      10.040144      10.624615       9.278708      11.702654      13.170403      16.717916
      20.732790      19.888947      17.402397      18.014526      18.161198      17.893221      17.722565      15.356084      17.485136      15.946059      12.865072      13.185246      11.833323      13.376486      11.596761       8.214172       8.823731      11.597526      13.517806      14.627011      18.349518      18.962729      22.017311      23.826622      24.469215      22.559572      20.724897      17.785917      14.389628      11.648534       8.362314       5.344902       3.835821       0.000000       3.868335       5.587747       8.195913       8.010873      11.860709      11.935976      10.725587       7.200771       9.595853      11.779115      15.371945      17.419180      19.356495      17.298615      17.851904      14.804552      14.844725      12.677692      13.691305      14.443151      13.334785      14.553538      13.095179      14.138406      16.142126      16.462877      15.207520      11.453744      10.125129       8.804044       9.267336       9.356468      12.038664      14.389098      17.962006
      17.013254      16.074635      13.540624      14.233695      14.625504      14.765404      15.196506      13.479457      15.943120      15.235248      12.829622      14.197979      13.498599      15.703785      13.854230      10.296551       9.548847      11.192360      12.033294      12.277268      15.761594      15.806509      18.719418      20.421457      21.412247      19.568357      18.193365      15.503649      11.967919      10.042462       6.712326       5.529045       5.446375       3.868335       0.000000       3.865510       6.726954       8.356855      12.165281      13.180988      11.498143       8.206921      10.249832      11.274907      14.760899      16.445913      17.715494      15.428777      15.259799      11.856757      11.323689       8.876716       9.878864      10.974728      10.393858      12.380149      11.572795      13.592257      15.380330      14.830352      12.810831       8.997784       6.825613       5.130294       5.659809       5.951518       9.146797      11.991005      15.264905
      17.002024      16.742599      13.718437      14.322382      13.836805      13.934072      13.868410      12.213499      15.260465      14.467146      11.984161      13.713519      12.440226      15.275518      14.340219      10.516263      10.313680      11.573524      12.525039      12.280421      15.750317      15.945845      18.385105      20.703226      21.847565      20.643740      19.582512      16.584751      13.480037      11.925529       8.185813       7.532593       5.671652       5.587747       3.865510       0.000000       3.772055       5.467972       9.055115      10.157829       8.109750       5.386003       7.631830       8.690320      12.296019      14.567713      15.672379      12.921553      13.012723       9.870575      10.091285       8.903636      11.153366      13.053277      13.361162      15.823051      15.089164      17.198715      18.610481      17.768526      15.481861      11.767847       8.848722       7.470125       6.084058       4.682248       6.571939       8.876504      12.461341
      16.116203      16.693598      13.876421      15.202968      14.707759      15.531568      15.739065      14.683598      18.099186      17.527147      15.159687      16.947121      15.221587      18.126022      17.609505      13.788728      13.994285      15.182323      15.928660      15.153613      18.307777      18.019365      19.924353      22.341801      23.979153      23.037577      22.448448      19.648460      16.602585      15.459533      11.814011      11.222785       9.041620       8.195913       6.726954       3.772055       0.000000       3.802577       6.393621       8.755781       7.709415       6.661771       9.566115      10.754466      14.183097      16.814705      17.440424      14.159410      13.837405      10.727998      10.519613       9.938950      12.231916      14.927785      15.389773      18.106916      17.963987      20.267859      21.947508      20.965227      18.387697      14.761802      11.522612       9.315959       6.402774       5.866876       5.887309       8.362153      11.794820
      19.872643      20.475740      17.647564      18.782104      18.012686      18.360655      17.930771      16.261272      19.467897      18.180735      15.264042      16.319202      13.842164      16.424246      16.427038      12.789458      14.034689      15.853259      17.399799      17.258795      20.674139      20.924049      22.967665      25.558006      26.887463      25.945238      24.981915      21.882977      18.900068      17.152254      13.341737      11.836248       8.673732       8.010873       8.356855       5.467972       3.802577       0.000000       3.919232       5.279512       5.133856       4.773486       8.405098      10.814066      14.307725      17.429327      18.650126      15.563951      16.069925      13.457440      13.936059      13.476177      15.761844      18.130560      18.222250      20.536354      19.916269      21.679672      23.452496      22.988836      20.846645      17.080482      14.234344      12.254928       9.890635       9.183556       9.148647      10.640225      14.246813
