       0.000000       3.777397       6.303954       9.814445      13.081778      15.786242      18.785975      21.204311      22.111483      21.697084      23.622400      22.992758      25.871853      25.289495      24.206192      20.918030      20.006262      18.470985      19.823479      18.187105      19.886341      20.011881      17.883894      15.341308      11.762096       9.815926       6.459831       6.878064       7.994014      10.486448      12.108544      14.974730      17.613710      18.986664      19.950804      17.811459      14.050611      12.678526      10.668428      10.719013      13.184505      13.619370      14.864704      15.586268      13.985597      15.722512      16.553442      17.196413      18.783154      16.632973      19.137377      18.682287      15.157362      14.141231      11.035029      10.335299       9.513602
       3.777397       0.000000       3.741140       6.730286      10.240374      13.116822      15.731927      18.437679      19.814240      19.585476      21.955166      21.618237      24.428841      24.204842      23.670906      20.345430      18.968374      17.542725      18.583076      16.628130      18.060360      17.677061      15.674339      13.648579      10.174097       8.477550       5.943365       5.327684       7.879235       9.566218      10.068377      13.295630      15.595745      16.343924      17.305838      15.593724      11.987767      11.571371       9.767579      10.803566      12.886363      14.072623      15.884309      16.076260      14.250941      15.228171      15.218573      15.172603      16.174004      13.646244      15.831096      15.552126      11.911550      10.546028       7.287632       7.029104       6.656189
       6.303954       3.741140       0.000000       3.762656       6.820241       9.850801      12.656404      15.347454      16.688784      16.915165      19.451036      19.624905      22.712854      22.999718      22.767857      19.732885      17.752352      15.781022      16.149628      13.708898      14.692091      14.168944      11.977721      10.026967       6.524796       5.535645       4.617090       5.536753       9.103463      11.145171      11.382294      15.041351      16.569805      16.892950      17.135324      15.300956      11.839706      11.551576       8.953768       9.584480      10.637898      11.846529      14.344359      14.682840      13.505495      14.507985      14.414451      13.697415      14.836010      12.722215      14.387999      13.338373       9.649458       8.457022       6.125947       5.545872       7.199898
       9.814445       6.730286       3.762656       0.000000       3.709873       6.523870       9.035316      11.839744      13.556863      13.958695      16.887230      17.425955      20.418188      21.152012      21.500393      18.643419      16.157610      14.274112      14.175607      11.486096      12.181028      11.213137       9.542808       8.226595       5.737820       5.217248       6.334185       6.386886      10.218233      11.522617      10.876651      14.633046      15.339843      15.027315      14.773182      13.248826      10.303614      10.923021       8.659501      10.050653      10.376660      12.380977      15.124462      14.825142      13.623675      13.809875      12.915509      11.320068      11.940463       9.904309      11.011057       9.704838       5.991869       5.086847       4.293157       5.364548       8.411328
      13.081778      10.240374       6.820241       3.709873       0.000000       3.812707       6.106318       9.073589      11.026984      12.323542      15.530709      16.835447      19.970587      21.343590      22.109987      19.692966      16.679935      14.389377      13.314686      10.015326       9.618707       7.946867       6.045870       5.810025       4.719815       6.204771       8.886292       9.664411      13.375850      14.708857      13.876934      17.576395      17.678173      16.897503      16.024105      14.686839      12.349611      13.173389      10.732082      11.638940      10.717252      12.580860      15.793044      15.604355      15.112583      15.185360      14.134276      11.778700      12.220674      10.858955      10.883457       8.601099       5.517630       5.046100       6.478474       6.966617      10.706782
      15.786242      13.116822       9.850801       6.523870       3.812707       0.000000       3.770868       5.567470       7.261414       8.637825      11.988017      13.662272      16.748049      18.539925      19.713144      17.710932      14.324120      12.021240      10.371354       7.043417       6.491130       4.965321       5.055080       5.061281       6.352958       7.215113      10.510582      11.076541      14.317560      15.411708      14.536971      18.066532      17.387440      16.500927      14.823738      13.377916      11.756616      12.724175      10.598831      11.608942      10.007364      12.407523      15.403804      14.613905      14.336378      13.850774      12.481154       9.562524      10.055108       9.824467       9.448694       6.256819       4.763436       6.577710       9.195700      10.587178      14.272925
      18.785975      15.731927      12.656404       9.035316       6.106318       3.770868       0.000000       3.834687       7.159273       9.245621      12.962783      15.101932      17.720049      19.949667      21.701603      19.904810      16.381523      14.542667      12.584185       9.511700       8.085656       5.221737       6.248761       8.105304       9.679999      10.896919      13.991876      14.061408      17.314190      17.827381      16.268406      19.499031      18.400126      16.765652      14.968863      14.398829      13.574207      15.322177      13.805412      15.224762      13.651378      16.073902      19.051743      18.069324      17.663776      16.667614      14.667518      11.224407      10.498954      10.220003       8.421432       5.261838       5.318997       6.726679      10.285526      11.878319      15.595558
      21.204311      18.437679      15.347454      11.839744       9.073589       5.567470       3.834687       0.000000       3.720546       6.258889       9.868052      12.518696      14.979526      17.680990      19.776897      18.555119      14.824201      13.023231      10.487527       7.911469       6.267954       4.277955       7.415293       8.914212      11.531157      12.371507      15.699594      15.871342      18.661083      19.174158      17.864916      20.900154      19.251207      17.774078      15.275578      14.473372      14.277425      15.802883      14.493124      15.696030      13.636492      16.184883      18.835033      17.476555      17.413288      16.108564      14.106492      10.521986      10.075233      11.167473       9.385403       5.839454       7.639431      10.121226      13.611402      15.427932      19.130959
      22.111483      19.814240      16.688784      13.556863      11.026984       7.261414       7.159273       3.720546       0.000000       3.807703       6.747283       9.880011      12.574619      15.512507      17.536604      16.843355      13.039383      10.909441       7.754350       5.719155       4.208078       4.692719       8.415308       8.924464      12.138948      12.623097      16.050020      16.604963      18.945126      19.785093      19.055979      22.056301      20.273211      19.330635      16.467321      15.024112      14.887655      15.721367      14.278612      14.909123      12.355642      14.775451      17.064127      15.561973      16.047382      14.853183      13.371276      10.177724      10.772829      12.800080      11.764790       8.248262      10.032248      12.958063      16.080835      17.822857      21.498869
      21.697084      19.585476      16.915165      13.958695      12.323542       8.637825       9.245621       6.258889       3.807703       0.000000       3.779939       6.311312       8.952291      11.751007      13.888652      13.268913       9.479471       7.926498       5.342300       5.151537       6.286636       7.901265      11.180353      10.586394      13.249402      12.600243      15.516529      15.567624      17.250517      17.796194      17.264818      19.940475      17.863825      17.320879      14.178336      12.357881      12.643342      13.322313      12.524345      13.506094      11.473321      14.405661      15.978628      13.732418      13.754230      11.963886      10.292450       7.347704       8.440704      11.286949      11.035365       8.091994      10.188248      13.686292      16.476595      18.762871      22.157921
      23.622400      21.955166      19.451036      16.887230      15.530709      11.988017      12.962783       9.868052       6.747283       3.779939       0.000000       3.685501       6.341650       9.420348      11.539479      11.838070       8.322110       6.985034       4.456669       6.526193       8.298647      10.865772      14.057087      12.941716      15.656605      14.642735      17.292917      17.506485      18.551048      19.229866      19.213032      21.618765      19.408339      19.371656      16.054497      13.843476      14.352529      14.351002      13.752907      14.229253      12.115021      14.778358      15.595874      13.034875      13.491002      11.699423      10.716383       8.850256      10.668223      13.980860      14.223394      11.639588      13.630819      17.186838      19.695463      21.947721      25.223999
      22.992758      21.618237      19.624905      17.425955      16.835447      13.662272      15.101932      12.518696       9.880011       6.311312       3.685501       0.000000       3.760881       5.951799       7.888394       8.300527       5.082299       4.980618       4.776002       8.100985      10.964289      13.643163      16.437569      14.690353      16.764093      14.928248      16.890930      16.698990      16.992767      17.454420      17.799185      19.820478      17.566490      18.117495      14.860555      12.217484      12.895930      12.454296      12.520805      13.198052      11.882689      14.754955      14.783342      11.602209      11.473421       9.185276       8.429915       7.756229      10.161517      13.632410      14.710184      12.789992      14.499221      18.133051      20.161127      22.675089      25.602322
      25.871853      24.428841      22.712854      20.418188      19.970587      16.748049      17.720049      14.979526      12.574619       8.952291       6.341650       3.760881       0.000000       3.790931       7.083125       8.473123       6.434946       8.108518       8.536398      11.744293      14.362024      16.753304      19.783789      18.281940      20.301680      18.326122      20.026701      19.360708      19.264536      19.147535      19.277319      20.686214      17.950003      18.472450      15.034431      12.843296      14.435883      14.347778      15.232949      16.310223      15.423477      18.332035      18.023720      14.608264      14.048960      11.233315      10.037651       9.728923      11.308666      15.035645      16.007788      14.719996      16.926119      20.625565      22.728210      25.560692      28.364132
      25.289495      24.204842      22.999718      21.152012      21.343590      18.539925      19.949667      17.680990      15.512507      11.751007       9.420348       5.951799       3.790931       0.000000       3.756302       5.582957       5.350045       8.281556      10.182047      13.613929      16.789238      19.296635      21.939259      19.949522      21.413305      18.869049      19.889065      18.929159      18.085760      17.786253      18.356834      19.315256      16.734478      17.957384      14.866047      12.318019      13.844903      13.228748      14.696419      15.840604      15.725691      18.598269      17.640774      13.948914      12.822288       9.824544       9.132773      10.224943      12.174665      15.589720      17.310097      16.521191      18.241722      21.822639      23.392620      26.311687      28.737123
      24.206192      23.670906      22.767857      21.500393      22.109987      19.713144      21.701603      19.776897      17.536604      13.888652      11.539479       7.888394       7.083125       3.756302       0.000000       3.666119       5.509786       8.186475      10.942419      14.471146      17.999973      20.804195      22.993586      20.472540      21.524271      18.634295      19.128485      18.360428      16.921597      16.986807      18.297279      19.207056      17.200550      19.106510      16.478807      13.422172      14.192015      12.622683      13.990596      14.621538      14.950677      17.456116      15.811602      12.099615      10.952477       8.513885       9.204910      11.430943      14.070351      17.041267      19.327957      18.506731      19.572302      22.959480      24.007292      26.697384      28.851532
      20.918030      20.345430      19.732885      18.643419      19.692966      17.710932      19.904810      18.555119      16.843355      13.268913      11.838070       8.300527       8.473123       5.582957       3.666119       0.000000       3.804792       6.898303      10.374072      13.367034      17.105112      19.599321      21.403622      18.743267      19.267902      16.075796      16.160587      15.030476      13.415332      13.329138      14.740326      15.707081      13.987733      16.154955      13.881032      10.525247      10.864198       9.095321      10.853918      11.985435      13.003451      15.797294      14.358840      10.577572       8.419337       5.431713       6.087334       9.048747      11.845318      14.311107      17.036459      16.498009      17.085039      20.260084      20.953985      23.695084      25.613964
      20.006262      18.968374      17.752352      16.157610      16.679935      14.324120      16.381523      14.824201      13.039383       9.479471       8.322110       5.082299       6.434946       5.350045       5.509786       3.804792       0.000000       3.807251       6.910397       9.828312      13.469687      15.906360      17.931850      15.527251      16.487839      13.678349      14.540458      13.702253      13.076765      13.268852      14.138399      15.817169      13.906351      15.336902      12.623042       9.282698       9.552938       8.375609       9.377990      10.612784      10.805921      13.941999      13.319212       9.638905       8.012281       4.831558       4.388268       6.066853       9.185062      12.040736      14.323251      13.255478      14.092396      17.480057      18.662971      21.371525      23.718790
      18.470985      17.542725      15.781022      14.274112      14.389377      12.021240      14.542667      13.023231      10.909441       7.926498       6.985034       4.980618       8.108518       8.281556       8.186475       6.898303       3.807251       0.000000       3.779026       6.605923      10.387266      13.198969      14.965726      12.290623      13.503870      11.014820      12.453757      12.557707      12.628112      13.768944      14.847232      17.268854      15.880428      17.064619      14.488841      11.105648      10.342010       8.765987       8.110445       8.323153       7.495946      10.530637      10.350184       7.013001       6.609170       5.004228       5.760209       6.331857       9.982387      12.498187      14.491642      12.573289      12.934261      16.197517      17.432394      19.631624      22.253609
      19.823479      18.583076      16.149628      14.175607      13.314686      10.371354      12.584185      10.487527       7.754350       5.342300       4.456669       4.776002       8.536398      10.182047      10.942419      10.374072       6.910397       3.779026       0.000000       3.774148       7.119240      10.266765      12.483035      10.281000      12.463937      10.990479      13.432950      14.115864      15.070553      16.398947      17.019510      19.777969      18.265810      18.799662      15.984613      13.075263      12.440150      11.534865      10.166230       9.993169       7.751645      10.452124      11.223895       8.770498       9.528596       8.579909       8.674593       7.583448      10.617657      13.254465      14.350789      11.666304      12.399796      15.700085      17.540354      19.452229      22.532774
      18.187105      16.628130      13.708898      11.486096      10.015326       7.043417       9.511700       7.911469       5.719155       5.151537       6.526193       8.100985      11.744293      13.613929      14.471146      13.367034       9.828312       6.605923       3.774148       0.000000       3.843731       6.814734       8.718131       6.650430       9.237121       8.611865      11.768984      12.887400      14.755700      16.334517      16.620533      19.827131      18.662750      18.755991      16.239092      13.665373      12.479149      12.002886       9.850125       9.626345       6.812013       9.387867      11.392627       9.908975      10.749971      10.373503      10.132683       8.145449      10.622013      12.473013      13.094299       9.892186      10.067590      13.006971      15.015952      16.536375      19.868946
      19.886341      18.060360      14.692091      12.181028       9.618707       6.491130       8.085656       6.267954       4.208078       6.286636       8.298647      10.964289      14.362024      16.789238      17.999973      17.105112      13.469687      10.387266       7.119240       3.843731       0.000000       3.701104       6.130699       5.576468       9.174723      10.090233      13.734827      15.187486      17.646833      19.253895      19.150715      22.510715      21.358583      20.921381      18.439196      16.397081      15.307514      15.307642      12.953280      12.618364       9.477863      11.234189      13.900990      13.162695      14.351897      14.167555      13.665081      11.124876      12.735700      14.245788      13.939779      10.315401      10.620966      13.049307      15.530682      16.552460      20.202606
      20.011881      17.677061      14.168944      11.213137       7.946867       4.965321       5.221737       4.277955       4.692719       7.901265      10.865772      13.643163      16.753304      19.296635      20.804195      19.599321      15.906360      13.198969      10.266765       6.814734       3.701104       0.000000       3.832225       5.619578       8.931941      10.694851      14.399778      15.587783      18.586609      19.903000      19.211958      22.631096      21.544752      20.541494      18.313614      16.898888      15.853137      16.552267      14.310370      14.522936      11.813232      13.585423      16.655920      16.093538      16.809679      16.435184      15.349010      12.287333      12.927927      13.741082      12.665095       9.009966       9.205781      11.011035      13.917263      14.769857      18.588701
      17.883894      15.674339      11.977721       9.542808       6.045870       5.055080       6.248761       7.415293       8.415308      11.180353      14.057087      16.437569      19.783789      21.939259      22.993586      21.403622      17.931850      14.965726      12.483035       8.718131       6.130699       3.832225       0.000000       3.825703       6.400750       9.278883      12.896705      14.624313      17.983232      19.700409      19.185795      22.840887      22.385014      21.517509      19.844841      18.350004      16.598047      17.037037      14.266358      14.097053      11.555018      12.670439      16.188869      16.378077      17.173632      17.459093      16.772974      14.073744      14.888174      14.859732      14.104028      10.754831       9.558337      10.190838      12.424333      12.332479      16.113279
      15.341308      13.648579      10.026967       8.226595       5.810025       5.061281       8.105304       8.914212       8.924464      10.586394      12.941716      14.690353      18.281940      19.949522      20.472540      18.743267      15.527251      12.290623      10.281000       6.650430       5.576468       5.619578       3.825703       0.000000       3.804657       6.097523       9.817120      12.015951      15.068352      17.226360      17.350258      21.069912      20.862347      20.628151      19.008703      16.884888      14.678770      14.381160      11.219776      10.497981       7.830888       8.898523      12.410649      12.730571      13.678927      14.435291      14.378419      12.332203      14.024401      14.149828      14.372201      11.150105       9.468587      10.572086      12.040730      12.089633      15.598307
      11.762096      10.174097       6.524796       5.737820       4.719815       6.352958       9.679999      11.531157      12.138948      13.249402      15.656605      16.764093      20.301680      21.413305      21.524271      19.267902      16.487839      13.503870      12.463937       9.237121       9.174723       8.931941       6.400750       3.804657       0.000000       3.814915       6.936731       9.487693      12.802230      15.217396      15.539646      19.350687      19.812067      19.827583      18.854044      16.701498      13.854770      13.351715       9.956783       9.255680       7.741582       8.528564      12.045936      12.758120      13.151645      14.335126      14.494321      12.983314      14.662732      13.931769      14.716647      12.141287       9.371952       9.512389       9.773164       9.232091      12.383362
       9.815926       8.477550       5.535645       5.217248       6.204771       7.215113      10.896919      12.371507      12.623097      12.600243      14.642735      14.928248      18.326122      18.869049      18.634295      16.075796      13.678349      11.014820      10.990479       8.611865      10.090233      10.694851       9.278883       6.097523       3.814915       0.000000       3.774537       6.222457       9.184775      11.754776      12.558501      16.304512      16.866650      17.429974      16.536724      13.954384      10.799102       9.754815       6.219725       5.751063       5.387530       7.183841       9.978019      10.046161       9.707751      10.905749      11.326256      10.531075      12.713082      12.050832      13.743304      11.648182       8.855593       9.695369       9.429350       9.910988      12.519815
       6.459831       5.943365       4.617090       6.334185       8.886292      10.510582      13.991876      15.699594      16.050020      15.516529      17.292917      16.890930      20.026701      19.889065      19.128485      16.160587      14.540458      12.453757      13.432950      11.768984      13.734827      14.399778      12.896705       9.817120       6.936731       3.774537       0.000000       3.805332       6.311836       9.411341      10.936622      14.511527      15.837886      16.991758      16.756458      14.061087      10.416053       8.758910       5.472115       5.153054       7.010353       8.344872      10.155609      10.318553       9.126690      10.751011      11.612229      11.826094      14.036119      12.854177      15.245166      13.928936      10.849474      11.187585       9.664092      10.071138      11.577734
       6.878064       5.327684       5.536753       6.386886       9.664411      11.076541      14.061408      15.871342      16.604963      15.567624      17.506485      16.698990      19.360708      18.929159      18.360428      15.030476      13.702253      12.557707      14.115864      12.887400      15.187486      15.587783      14.624313      12.015951       9.487693       6.222457       3.805332       0.000000       3.850759       5.950687       7.148944      10.734563      12.220900      13.484326      13.671944      11.198788       7.422144       6.363631       4.589519       6.670017       9.274511      11.474951      12.737935      11.895578       9.495076       9.965358       9.961671      10.375995      12.019116      10.294452      13.173009      12.734501       9.744858      10.159692       8.349688       9.963843      11.030026
       7.994014       7.879235       9.103463      10.218233      13.375850      14.317560      17.314190      18.661083      18.945126      17.250517      18.551048      16.992767      19.264536      18.085760      16.921597      13.415332      13.076765      12.628112      15.070553      14.755700      17.646833      18.586609      17.983232      15.068352      12.802230       9.184775       6.311836       3.850759       0.000000       3.758643       6.829564       9.522259      11.353978      13.621875      13.998074      11.152017       7.547653       5.205832       4.964199       6.929148      10.457129      12.546055      12.666778      11.382309       8.222500       8.730938       9.419138      11.167521      13.178353      11.897664      15.310909      15.261333      12.806949      13.641500      11.833260      13.578119      14.060607
      10.486448       9.566218      11.145171      11.522617      14.708857      15.411708      17.827381      19.174158      19.785093      17.796194      19.229866      17.454420      19.147535      17.786253      16.986807      13.329138      13.268852      13.768944      16.398947      16.334517      19.253895      19.903000      19.700409      17.226360      15.217396      11.754776       9.411341       5.950687       3.758643       0.000000       3.737069       5.796133       7.869748      10.437799      11.368357       9.014947       5.926789       5.047455       7.015867      10.010127      13.275963      15.834725      15.945718      14.087315      10.496425       9.671774       9.152453      10.889192      12.031066      10.378003      14.005137      14.834846      12.793156      13.680856      11.999188      14.499995      14.741808
      12.108544      10.068377      11.382294      10.876651      13.876934      14.536971      16.268406      17.864916      19.055979      17.264818      19.213032      17.799185      19.277319      18.356834      18.297279      14.740326      14.138399      14.847232      17.019510      16.620533      19.150715      19.211958      19.185795      17.350258      15.539646      12.558501      10.936622       7.148944       6.829564       3.737069       0.000000       3.816490       5.561038       7.199310       8.698562       7.394313       4.943743       6.553070       8.704759      12.230121      14.916871      17.811291      18.482073      16.503956      13.059999      11.537838       9.770712      10.419075      10.336591       7.854576      11.283411      12.831901      10.977815      11.641528      10.236512      13.363969      13.710392
      14.974730      13.295630      15.041351      14.633046      17.576395      18.066532      19.499031      20.900154      22.056301      19.940475      21.618765      19.820478      20.686214      19.315256      19.207056      15.707081      15.817169      17.268854      19.777969      19.827131      22.510715      22.631096      22.840887      21.069912      19.350687      16.304512      14.511527      10.734563       9.522259       5.796133       3.816490       0.000000       3.858795       6.445276       8.898613       8.426199       7.444170       9.002185      11.902419      15.373683      18.248854      21.162029      21.428741      19.184771      15.473099      13.585785      11.711885      12.818562      12.313572      10.108377      13.372577      15.547023      14.226094      14.902547      13.542303      16.697754      16.581820
      17.613710      15.595745      16.569805      15.339843      17.678173      17.387440      18.400126      19.251207      20.273211      17.863825      19.408339      17.566490      17.950003      16.734478      17.200550      13.987733      13.906351      15.880428      18.265810      18.662750      21.358583      21.544752      22.385014      20.862347      19.812067      16.866650      15.837886      12.220900      11.353978       7.869748       5.561038       3.858795       0.000000       3.764460       5.511837       5.609402       6.445729       8.907685      12.243065      15.926067      18.302881      21.577719      21.860561      19.148510      15.528011      12.847017      10.164216      10.903557       9.793191       8.281705      11.370510      13.798813      13.425447      14.841632      14.469525      18.047895      18.627419
      18.986664      16.343924      16.892950      15.027315      16.897503      16.500927      16.765652      17.774078      19.330635      17.320879      19.371656      18.117495      18.472450      17.957384      19.106510      16.154955      15.336902      17.064619      18.799662      18.755991      20.921381      20.541494      21.517509      20.628151      19.827583      17.429974      16.991758      13.484326      13.621875      10.437799       7.199310       6.445276       3.764460       0.000000       3.700165       6.080388       7.638499      11.032640      13.831845      17.611635      19.468857      22.864302      23.672737      21.054422      17.733622      14.949671      11.719137      11.218500       8.892239       6.803113       8.931980      12.023526      12.078691      13.292048      13.495178      17.284773      18.117254
      19.950804      17.305838      17.135324      14.773182      16.024105      14.823738      14.968863      15.275578      16.467321      14.178336      16.054497      14.860555      15.034431      14.866047      16.478807      13.881032      12.623042      14.488841      15.984613      16.239092      18.439196      18.313614      19.844841      19.008703      18.854044      16.536724      16.756458      13.671944      13.998074      11.368357       8.698562       8.898613       5.511837       3.700165       0.000000       3.772430       6.758842      10.231444      12.925072      16.580645      17.903936      21.470280      22.271992      19.393564      16.371029      13.206202       9.575442       8.538150       5.815179       5.179841       7.129920       9.836449      10.832447      12.979141      14.052615      17.900988      19.438313
      17.811459      15.593724      15.300956      13.248826      14.686839      13.377916      14.398829      14.473372      15.024112      12.357881      13.843476      12.217484      12.843296      12.318019      13.422172      10.525247       9.282698      11.105648      13.075263      13.665373      16.397081      16.898888      18.350004      16.884888      16.701498      13.954384      14.061087      11.198788      11.152017       9.014947       7.394313       8.426199       5.609402       6.080388       3.772430       0.000000       3.797354       6.758193       9.618116      13.175748      14.638350      18.198616      18.711769      15.727019      12.643617       9.439195       5.866747       5.604114       4.587961       4.986866       8.134540       9.594717      10.105441      12.718071      13.546370      17.177536      18.870691
      14.050611      11.987767      11.839706      10.303614      12.349611      11.756616      13.574207      14.277425      14.887655      12.643342      14.352529      12.895930      14.435883      13.844903      14.192015      10.864198       9.552938      10.342010      12.440150      12.479149      15.307514      15.853137      16.598047      14.678770      13.854770      10.799102      10.416053       7.422144       7.547653       5.926789       4.943743       7.444170       6.445729       7.638499       6.758842       3.797354       0.000000       3.776235       6.311041      10.058803      11.995585      15.381354      16.037535      13.479354      10.278315       7.889456       5.228297       5.531052       6.115938       5.213197       8.924384       9.677330       8.776033      10.960708      11.036927      14.369734      15.919246
      12.678526      11.571371      11.551576      10.923021      13.173389      12.724175      15.322177      15.802883      15.721367      13.322313      14.351002      12.454296      14.347778      13.228748      12.622683       9.095321       8.375609       8.765987      11.534865      12.002886      15.307642      16.552267      17.037037      14.381160      13.351715       9.754815       8.758910       6.363631       5.205832       5.047455       6.553070       9.002185       8.907685      11.032640      10.231444       6.758193       3.776235       0.000000       3.808057       7.187004       9.790254      12.919711      12.953925      10.357616       6.824114       5.019578       4.328801       6.527543       8.828342       8.713600      12.261562      12.215685      10.949748      13.075746      12.676721      15.369256      16.782417
      10.668428       9.767579       8.953768       8.659501      10.732082      10.598831      13.805412      14.493124      14.278612      12.524345      13.752907      12.520805      15.232949      14.696419      13.990596      10.853918       9.377990       8.110445      10.166230       9.850125      12.953280      14.310370      14.266358      11.219776       9.956783       6.219725       5.472115       4.589519       4.964199       7.015867       8.704759      11.902419      12.243065      13.831845      12.925072       9.618116       6.311041       3.808057       0.000000       3.780674       6.372131       9.372319       9.988519       8.105261       5.452200       5.584021       6.230469       7.318722      10.150996       9.968283      12.989214      11.987250      10.073769      11.958618      11.494970      13.472119      15.244555
      10.719013      10.803566       9.584480      10.050653      11.638940      11.608942      15.224762      15.696030      14.909123      13.506094      14.229253      13.198052      16.310223      15.840604      14.621538      11.985435      10.612784       8.323153       9.993169       9.626345      12.618364      14.522936      14.097053      10.497981       9.255680       5.751063       5.153054       6.670017       6.929148      10.010127      12.230121      15.373683      15.926067      17.611635      16.580645      13.175748      10.058803       7.187004       3.780674       0.000000       3.777340       5.943032       6.330900       5.323165       4.241821       6.661971       8.806534       9.967170      13.234120      13.419524      16.093891      14.464706      12.480120      14.171088      13.642210      14.748754      16.581236
      13.184505      12.886363      10.637898      10.376660      10.717252      10.007364      13.651378      13.636492      12.355642      11.473321      12.115021      11.882689      15.423477      15.725691      14.950677      13.003451      10.805921       7.495946       7.751645       6.812013       9.477863      11.813232      11.555018       7.830888       7.741582       5.387530       7.010353       9.274511      10.457129      13.275963      14.916871      18.248854      18.302881      19.468857      17.903936      14.638350      11.995585       9.790254       6.372131       3.777340       0.000000       3.640900       5.495197       5.069854       6.272241       8.263217      10.051868      10.194637      13.511108      14.243875      16.219666      13.824357      12.238843      14.200227      14.462697      15.293152      17.782776
      13.619370      14.072623      11.846529      12.380977      12.580860      12.407523      16.073902      16.184883      14.775451      14.405661      14.778358      14.754955      18.332035      18.598269      17.456116      15.797294      13.941999      10.530637      10.452124       9.387867      11.234189      13.585423      12.670439       8.898523       8.528564       7.183841       8.344872      11.474951      12.546055      15.834725      17.811291      21.162029      21.577719      22.864302      21.470280      18.198616      15.381354      12.919711       9.372319       5.943032       3.640900       0.000000       3.764903       5.937796       8.387469      11.232075      13.513504      13.832156      17.121248      17.697376      19.567038      17.025276      15.192822      16.668539      16.598368      16.655804      18.941263
      14.864704      15.884309      14.344359      15.124462      15.793044      15.403804      19.051743      18.835033      17.064127      15.978628      15.595874      14.783342      18.023720      17.640774      15.811602      14.358840      13.319212      10.350184      11.223895      11.392627      13.900990      16.655920      16.188869      12.410649      12.045936       9.978019      10.155609      12.737935      12.666778      15.945718      18.482073      21.428741      21.860561      23.672737      22.271992      18.711769      16.037535      12.953925       9.988519       6.330900       5.495197       3.764903       0.000000       3.796429       6.925014      10.337185      13.433184      14.677209      18.303335      19.187603      21.491278      19.241203      17.657310      19.418346      19.156799      19.532627      21.475019
      15.586268      16.076260      14.682840      14.825142      15.604355      14.613905      18.069324      17.476555      15.561973      13.732418      13.034875      11.602209      14.608264      13.948914      12.099615      10.577572       9.638905       7.013001       8.770498       9.908975      13.162695      16.093538      16.378077      12.730571      12.758120      10.046161      10.318553      11.895578      11.382309      14.087315      16.503956      19.184771      19.148510      21.054422      19.393564      15.727019      13.479354      10.357616       8.105261       5.323165       5.069854       5.937796       3.796429       0.000000       3.898739       6.862286      10.127733      11.767581      15.540855      16.858250      19.338299      17.336226      16.254349      18.554071      18.612791      19.736942      21.798733
      13.985597      14.250941      13.505495      13.623675      15.112583      14.336378      17.663776      17.413288      16.047382      13.754230      13.491002      11.473421      14.048960      12.822288      10.952477       8.419337       8.012281       6.609170       9.528596      10.749971      14.351897      16.809679      17.173632      13.678927      13.151645       9.707751       9.126690       9.495076       8.222500      10.496425      13.059999      15.473099      15.528011      17.733622      16.371029      12.643617      10.278315       6.824114       5.452200       4.241821       6.272241       8.387469       6.925014       3.898739       0.000000       3.780263       7.282786       9.724579      13.359056      14.359002      17.318504      15.978257      14.801266      17.095940      16.858126      18.501776      20.230431
      15.722512      15.228171      14.507985      13.809875      15.185360      13.850774      16.667614      16.108564      14.853183      11.963886      11.699423       9.185276      11.233315       9.824544       8.513885       5.431713       4.831558       5.004228       8.579909      10.373503      14.167555      16.435184      17.459093      14.435291      14.335126      10.905749      10.751011       9.965358       8.730938       9.671774      11.537838      13.585785      12.847017      14.949671      13.206202       9.439195       7.889456       5.019578       5.584021       6.661971       8.263217      11.232075      10.337185       6.862286       3.780263       0.000000       3.798711       6.895036      10.420310      11.916569      14.936814      14.002675      13.510905      16.272984      16.506737      18.850424      20.727468
