       0.000000       3.821301       5.373371       8.141680      10.809913      14.507318      17.953669      20.379742      23.811827      25.957151      25.851639      28.807676      29.259487      32.738064      31.537617      28.044081      25.895084      24.462713      22.829426      19.685009      19.157545      15.728387      16.049566      14.776891      16.236088      19.730951      20.839874      21.200521      19.915390      21.669355      20.527813      22.399725      23.119144      22.378073      18.701406      18.560970      17.716476      20.956728      22.857033      25.800837      28.260923      26.271809      26.347801      24.301661      25.352713      25.954725      23.854145      21.308826      17.728752      15.427226      11.929176      11.475063      10.240385      13.629175      15.218738      18.291052      21.707321      24.321838      23.576605      19.971422      18.246994      18.779335      16.989471      14.057790      13.246109      15.108771      14.877138      16.792799      15.621017
       3.821301       0.000000       3.820436       7.044513      10.517035      13.771744      17.165758      19.084742      22.422539      24.219498      23.917599      26.701477      27.220715      30.511894      28.971254      25.526550      23.298752      22.122786      20.534452      17.737764      17.538017      14.297967      15.362329      13.862173      14.464974      18.186144      18.662882      18.842651      17.163654      18.836092      17.874847      19.807474      20.934092      19.985338      16.508469      16.954990      16.870457      20.408377      22.365396      24.921551      27.299738      24.973547      25.266741      23.320335      24.630108      25.025925      23.179522      20.951534      17.652100      14.907567      11.121797       9.521994       7.261098      10.361431      11.724077      14.593067      18.079466      20.657515      19.880022      16.299013      14.824304      15.520741      14.181860      11.217303      11.253329      13.477727      14.204205      16.664181      16.273584
       5.373371       3.820436       0.000000       3.821363       6.944203      10.212495      13.475236      15.452538      18.887373      20.793150      20.604862      23.554234      24.177679      27.597145      26.321218      22.915375      20.606096      19.107914      17.504347      14.479525      14.355453      11.261925      12.536663      11.837096      12.385993      15.889341      16.509645      16.311398      14.775550      16.358263      15.209170      17.279413      18.283850      17.898485      14.393659      14.192030      14.063016      17.415594      19.780582      22.242508      24.334980      21.921305      21.882738      19.726784      20.876440      21.282248      19.432407      17.134949      13.861442      11.095226       7.324700       6.223652       5.220788       8.724152      10.744507      14.173326      17.516796      19.905556      19.293276      15.810513      13.516603      13.744107      11.781542       9.230196       8.866562      10.306641      10.844676      13.049361      12.717405
       8.141680       7.044513       3.821363       0.000000       3.820519       6.782024      10.359546      12.738550      15.918626      18.235401      18.648279      21.933819      23.083946      26.488564      25.288815      22.164152      19.442171      17.337051      15.184758      11.810752      11.015965       7.665021       8.719871       8.348109       9.078244      12.349167      13.373865      13.406760      12.573462      14.678719      14.079259      16.748358      18.092365      18.456650      15.268189      14.526428      14.686183      17.637039      20.555773      22.722176      24.277031      21.595381      20.945793      18.272234      18.830975      18.705936      16.465628      14.566690      11.257675       9.084625       5.754157       5.734232       5.897841       8.321849      11.395295      14.764408      18.109344      19.887444      18.904268      15.430379      12.641452      13.169624      11.284635       9.916292      10.018503      10.097286      10.706942      12.074306      11.508736
      10.809913      10.517035       6.944203       3.820519       0.000000       3.821107       7.255816      10.228428      13.434278      16.140284      16.916893      20.429426      21.708647      25.238560      24.510826      21.548279      18.849543      16.275904      14.109754      10.400602       9.362031       6.447675       7.039883       8.331495       9.413282      11.769355      13.307947      13.017472      12.777164      14.687722      13.931822      16.577974      17.564301      18.637543      15.618429      13.975933      13.783351      16.090094      19.371990      21.465263      22.620155      20.039454      18.817116      15.798851      15.835980      15.703108      13.205918      11.126095       7.619505       6.161983       4.084804       6.428807       8.460169      10.455242      13.596104      17.078405      20.067280      21.607855      20.815399      17.637321      14.353310      14.358343      11.937700      11.345754      10.795106       9.560664       9.318645       9.520511       8.490998
      14.507318      13.771744      10.212495       6.782024       3.821107       0.000000       3.821570       7.007367       9.819584      12.802717      14.134726      17.837587      19.610905      22.990355      22.341438      19.765884      16.803192      13.748515      11.226615       7.406192       5.906197       3.916364       5.118693       7.820942       8.083961       9.431969      10.912374      10.260941      10.684205      12.643894      12.376759      15.342394      16.616684      18.362852      15.932961      14.045225      14.441138      16.239576      19.845760      21.363894      21.892031      19.023691      17.297520      13.913636      13.402938      12.582390       9.886221       8.580901       5.754293       5.323676       5.350547       7.632265      10.088067      10.846764      14.161511      17.332760      19.984011      20.942892      20.081591      17.277128      13.700996      13.621416      11.423351      12.076425      12.052176       9.799938      10.037296       9.517749       9.122746
      17.953669      17.165758      13.475236      10.359546       7.255816       3.821570       0.000000       3.821265       6.496379       9.649352      11.308148      15.085533      17.040144      20.367104      20.145134      17.902233      15.069829      11.697741       9.482702       6.014620       5.278616       5.963649       7.376924      10.765000      10.405160      10.632456      11.700805      10.178191      10.850430      12.050771      11.645223      14.325733      15.321824      17.760057      15.898711      13.506657      14.071872      15.085542      18.872911      19.885136      19.798950      16.901146      14.636562      10.992933       9.923642       8.789006       6.128541       5.234854       3.936216       4.858661       7.135639       9.548120      12.581993      12.823702      15.740723      18.731297      20.818550      21.474716      20.964310      18.700249      14.929132      14.209396      11.851963      13.345966      13.148442      10.003173      10.085757       8.660361       8.983766
      20.379742      19.084742      15.452538      12.738550      10.228428       7.007367       3.821265       0.000000       3.821282       6.072988       7.493830      11.285340      13.430363      16.634369      16.448778      14.433306      11.636024       8.155107       6.470999       4.046082       5.564502       7.951128      10.342341      13.443861      12.085997      12.050652      12.000402       9.384213       9.549171       9.688746       9.135840      11.542405      12.612659      15.505447      14.378482      12.076326      13.409317      14.099481      17.825167      18.131948      17.592596      14.380950      12.078187       8.552656       7.837228       6.406754       5.318197       5.465908       6.407300       6.372231       8.846258      10.292558      13.340057      12.846586      15.173512      17.790882      19.249327      19.610415      19.519276      17.865288      14.070978      12.704595      10.479590      12.841623      12.969658       9.454416      10.305823       9.250902      10.920443
      23.811827      22.422539      18.887373      15.918626      13.434278       9.819584       6.496379       3.821282       0.000000       3.820144       7.008255      10.619608      13.550318      16.167015      16.084084      14.924633      12.012695       8.242064       6.320472       5.562315       6.343364       9.788302      11.733469      14.917219      13.258835      12.134424      11.857281       9.203302      10.345387      10.441950      10.863266      13.241994      14.595354      17.820234      17.320280      15.193099      16.787567      17.058626      20.707993      20.510754      19.356812      16.122894      13.434801      10.028180       8.385542       5.335340       4.638535       7.158978       9.166070      10.051010      12.568391      13.832026      16.549030      15.450904      17.767031      19.876322      21.021746      20.723516      20.445885      19.246628      15.648669      14.557279      13.077221      15.962711      16.502785      13.026402      14.018015      12.700077      14.206969
      25.957151      24.219498      20.793150      18.235401      16.140284      12.802717       9.649352       6.072988       3.820144       0.000000       3.821624       7.022101      10.303813      12.551165      12.498998      11.809170       9.154900       5.679418       5.347604       6.828219       9.030173      12.579839      15.082247      17.953573      15.771218      14.841673      13.688365      10.372315      10.668806       9.466446       9.704407      11.352364      12.682776      16.144537      16.456436      14.641706      16.797567      16.821135      20.164259      19.295265      17.758478      14.365116      11.936252       9.274168       8.454687       5.887454       7.425780       9.576119      12.009992      12.156413      14.524637      15.126377      17.704115      16.187908      17.797430      19.461580      19.910114      19.352367      19.590363      19.065203      15.680002      14.000791      12.817793      16.143875      16.885277      13.478359      14.948671      14.094225      16.370792
      25.851639      23.917599      20.604862      18.648279      16.916893      14.134726      11.308148       7.493830       7.008255       3.821624       0.000000       3.820841       6.688961       9.332758       9.306204       8.182043       6.049525       3.486510       5.780468       7.900990      11.153018      14.240315      17.240252      19.863012      17.525354      17.298807      15.757168      12.092716      11.134129       8.736432       7.803452       8.308122       9.227695      12.819060      13.666755      12.082823      14.635547      14.592793      17.581188      16.310034      14.791137      11.216780       9.435147       7.710634       8.495365       7.564931       9.911939      10.909029      13.179339      12.380915      14.460564      14.516364      17.068617      15.607052      16.438702      17.996735      17.922863      17.660454      18.614283      18.410643      15.150036      12.664242      11.254605      14.577262      15.180536      11.960429      13.735087      13.506141      16.480701
      28.807676      26.701477      23.554234      21.933819      20.429426      17.837587      15.085533      11.285340      10.619608       7.022101       3.820841       0.000000       3.821064       5.588016       5.980356       5.925983       5.401090       5.362088       8.704647      11.441766      14.803277      17.875160      20.991241      23.476656      20.938038      20.737143      18.831604      15.062834      13.741632      10.665323       9.560223       8.689525       9.096732      12.605235      14.450752      13.331542      16.124716      15.717892      18.104715      16.076942      14.110113      10.725534       9.631932       9.373186      10.737862      10.368408      13.304022      14.263817      16.714758      15.726921      17.665815      17.353420      19.678707      18.039194      18.182180      19.234283      18.393707      17.922649      19.450970      19.923168      17.085482      14.253845      13.235539      16.538952      17.179514      14.318007      16.197611      16.244413      19.520926
      29.259487      27.220715      24.177679      23.083946      21.708647      19.610905      17.040144      13.430363      13.550318      10.303813       6.688961       3.821064       0.000000       3.821866       5.471019       4.671937       6.472788       7.890287      11.580280      13.875036      17.472256      20.134865      23.347578      25.788286      23.404598      23.645548      21.805462      18.015919      16.158415      12.794995      10.702072       8.479676       7.415479      10.746109      13.103292      12.072131      14.744544      13.956897      15.698893      13.162103      11.084881       7.945520       7.928016       9.181156      11.575580      12.399804      15.549747      15.725796      18.040318      16.626629      18.431637      17.984007      20.358339      19.125914      18.671139      19.788679      18.588060      18.657137      20.791578      21.335560      18.633713      15.307861      13.883265      16.660963      16.784935      14.248064      15.881359      16.232449      19.824427
      32.738064      30.511894      27.597145      26.488564      25.238560      22.990355      20.367104      16.634369      16.167015      12.551165       9.332758       5.588016       3.821866       0.000000       3.821960       5.734891       8.190999      10.221506      13.882798      16.739017      20.255087      23.154840      26.403578      28.753954      26.114033      26.117235      23.956724      20.146212      18.375051      14.848077      13.352211      11.059589      10.429721      13.186065      16.091845      15.562198      18.348793      17.500839      18.866007      15.940175      13.595613      11.029915      11.254966      12.745131      14.748057      15.172964      18.475517      19.109255      21.603449      20.320040      22.065716      21.405121      23.500673      21.897366      21.192892      21.743105      20.013117      19.568748      21.873192      23.019207      20.722054      17.527924      16.746880      19.681051      20.147943      17.838228      19.654322      20.047340      23.615501
      31.537617      28.971254      26.321218      25.288815      24.510826      22.341438      20.145134      16.448778      16.084084      12.498998       9.306204       5.980356       5.471019       3.821960       0.000000       3.821507       5.946089       8.842717      12.406664      15.627596      19.188131      21.969368      25.442108      27.380327      24.424572      24.598288      22.030964      18.249529      16.155966      12.465273      11.419834       9.264657       9.795996      12.035797      15.089786      15.325490      18.628067      18.561411      20.057339      17.480360      15.815626      12.783754      13.341576      14.275785      16.371538      16.335087      19.157436      19.880550      21.929605      20.282578      21.478523      20.243872      21.809109      19.752935      18.810486      18.851271      16.869986      16.069725      18.414631      19.893028      17.966755      14.921662      14.855819      17.965595      19.097778      17.190378      19.654667      20.586668      24.145168
      28.044081      25.526550      22.915375      22.164152      21.548279      19.765884      17.902233      14.433306      14.924633      11.809170       8.182043       5.925983       4.671937       5.734891       3.821507       0.000000       3.821148       7.220796      10.924891      13.587381      17.351362      19.689445      23.269825      25.107315      22.331347      22.997120      20.618135      16.844151      14.280506      10.526339       8.539192       5.726052       6.046165       8.324998      11.271020      11.627330      15.056350      15.362029      16.897745      14.683805      13.643485      10.293637      11.316766      12.197045      14.847898      15.283207      17.796066      17.887238      19.485083      17.390135      18.281197      16.881485      18.474636      16.743956      15.646909      16.103062      14.398687      14.344795      16.829962      17.791075      15.612940      12.193381      11.599467      14.439779      15.379181      13.655482      16.217020      17.534111      21.173187
      25.895084      23.298752      20.606096      19.442171      18.849543      16.803192      15.069829      11.636024      12.012695       9.154900       6.049525       5.401090       6.472788       8.190999       5.946089       3.821148       0.000000       3.821113       7.262042      10.164557      13.844421      16.287905      19.893208      21.635782      18.721315      19.269363      16.813354      13.036617      10.571905       6.855403       5.520233       4.405706       6.717764       9.244506      11.193501      11.385607      14.926822      15.751642      17.974741      16.418884      15.606966      11.889770      12.057845      11.711192      13.800076      13.499010      15.448314      15.856231      17.216711      15.229721      15.999650      14.572928      16.075895      13.971528      13.494571      14.077581      13.010614      12.619470      14.411517      15.036211      12.543010       9.454000       9.167468      12.583656      14.075803      12.091281      15.001613      16.240414      19.596365
      24.462713      22.122786      19.107914      17.337051      16.275904      13.748515      11.697741       8.155107       8.242064       5.679418       3.486510       5.362088       7.890287      10.221506       8.842717       7.220796       3.821113       0.000000       3.820752       6.791518      10.371856      13.185085      16.603212      18.664766      15.899423      16.072659      13.963722      10.157024       8.430316       5.466629       4.933599       6.118927       8.398565      11.396458      12.274267      11.582190      14.700052      15.490666      18.355026      17.288118      16.371717      12.580742      11.664130      10.137683      11.390321      10.407557      11.933390      12.712626      14.160465      12.679012      13.869970      13.072462      15.001157      13.002410      13.594689      14.782733      14.651934      14.226603      15.133290      15.052086      11.958011       9.470630       8.732831      12.379201      13.752599      11.088254      13.710823      14.330539      17.319225
      22.829426      20.534452      17.504347      15.184758      14.109754      11.226615       9.482702       6.470999       6.320472       5.347604       5.780468       8.704647      11.580280      13.882798      12.406664      10.924891       7.262042       3.820752       0.000000       3.821463       6.903088       9.951856      13.284823      15.253715      12.382075      12.291173      10.231050       6.457532       5.532657       4.277066       5.674694       8.612911      11.296897      13.920441      13.951106      13.168837      15.953537      17.152517      20.382509      19.896973      19.240288      15.492620      14.143644      11.742971      12.116220      10.292745      10.601791      11.778370      12.702998      11.589313      12.554949      11.952186      13.678835      11.468268      13.036178      14.397075      15.099643      14.484153      14.414964      13.721169      10.371353       8.990846       8.607512      12.213481      13.950229      11.289634      13.879446      14.282569      16.623291
      19.685009      17.737764      14.479525      11.810752      10.400602       7.406192       6.014620       4.046082       5.562315       6.828219       7.900990      11.441766      13.875036      16.739017      15.627596      13.587381      10.164557       6.791518       3.821463       0.000000       3.820707       6.464586       9.814767      12.040600       9.697574      10.017074       8.945213       5.850718       5.504287       6.175595       6.750793      10.085773      12.303163      14.694754      13.713022      12.445042      14.577821      16.056326      19.559452      19.774633      19.539598      15.982862      14.403786      11.404649      11.441744       9.807003       8.914989       9.434534       9.488385       8.409129       9.276920       9.290874      11.404497       9.924299      12.342827      14.517133      16.071808      16.101858      15.665797      14.031093      10.303645       9.397117       8.093623      10.975002      12.274482       9.463336      11.595151      11.767625      13.547835
      19.157545      17.538017      14.355453      11.015965       9.362031       5.906197       5.278616       5.564502       6.343364       9.030173      11.153018      14.803277      17.472256      20.255087      19.188131      17.351362      13.844421      10.371856       6.903088       3.820707       0.000000       3.830307       6.482267       8.943314       6.944429       6.579515       6.626913       5.026073       6.739615       9.024509      10.299438      13.809043      16.021128      18.255486      16.880253      15.508886      17.127218      18.666630      22.312899      22.899714      22.726658      19.331413      17.427319      14.054091      13.271207      11.104906       8.931436       9.832222       9.205335       9.137892       9.820296      10.476359      12.254966      11.024923      14.199257      16.407803      18.510838      18.403095      17.246422      15.153725      11.620527      11.848947      10.905214      13.184464      14.453753      11.894558      13.459761      13.147287      13.904181
      15.728387      14.297967      11.261925       7.665021       6.447675       3.916364       5.963649       7.951128       9.788302      12.579839      14.240315      17.875160      20.134865      23.154840      21.969368      19.689445      16.287905      13.185085       9.951856       6.464586       3.830307       0.000000       3.821378       5.681660       4.504908       5.908149       7.065002       6.992084       8.052673      10.908607      11.792050      15.319172      17.416962      19.064030      17.008883      15.811770      16.977402      19.029911      22.582813      23.752781      24.142969      20.917967      19.321314      15.994760      15.491473      13.917027      11.328202      11.195472       9.196609       8.678310       8.115985       8.804274      10.101565       9.611228      13.251308      15.828528      18.569450      18.970369      17.547657      14.760267      11.387097      12.183491      11.070239      12.304455      13.441163      11.568616      12.874106      12.928948      12.984363
      16.049566      15.362329      12.536663       8.719871       7.039883       5.118693       7.376924      10.342341      11.733469      15.082247      17.240252      20.991241      23.347578      26.403578      25.442108      23.269825      19.893208      16.603212      13.284823       9.814767       6.482267       3.821378       0.000000       3.821986       5.244872       5.662490       8.595032       9.761775      11.593789      14.619634      15.562095      19.024843      20.905621      22.618311      20.356501      18.872004      19.497829      21.349123      24.962414      26.408682      26.776068      23.771477      21.854908      18.305597      17.203300      15.476210      12.218956      12.152173       9.778684      10.386778      10.070838      11.571725      12.785387      12.850118      16.605669      19.218761      22.161905      22.553347      20.854248      17.906029      14.803990      15.920039      14.771161      15.619180      16.354120      14.537561      15.098876      14.529272      13.589082
      14.776891      13.862173      11.837096       8.348109       8.331495       7.820942      10.765000      13.443861      14.917219      17.953573      19.863012      23.476656      25.788286      28.753954      27.380327      25.107315      21.635782      18.664766      15.253715      12.040600       8.943314       5.681660       3.821986       0.000000       3.821097       5.690659       8.452701      10.622967      12.187008      15.645670      16.903339      20.486492      22.692759      23.902309      21.492773      20.585377      21.352230      23.678720      27.108381      28.708208      29.399826      26.314842      24.771362      21.397795      20.662237      19.006485      15.913944      15.749480      13.130098      13.047806      11.690319      12.301946      12.362585      12.318634      16.125450      18.426733      21.709925      22.108654      19.961309      16.707870      14.189949      16.087210      15.534098      15.927972      17.131369      16.097559      17.040154      17.135031      16.176781
      16.236088      14.464974      12.385993       9.078244       9.413282       8.083961      10.405160      12.085997      13.258835      15.771218      17.525354      20.938038      23.404598      26.114033      24.424572      22.331347      18.721315      15.899423      12.382075       9.697574       6.944429       4.504908       5.244872       3.821097       0.000000       3.821913       5.034994       7.162347       8.706427      12.366829      14.155179      17.892666      20.526894      21.749662      19.769785      19.245625      20.671003      23.071556      26.478245      27.657303      28.184774      24.831188      23.465466      20.257820      19.807161      17.927156      15.327679      15.606439      13.584350      12.997547      11.692409      11.446713      11.259723      10.100247      13.830657      15.691860      18.742638      18.747362      16.504866      13.494033      10.952061      13.080854      13.144182      14.173763      16.067539      14.976384      16.699839      17.195505      17.081863
      19.730951      18.186144      15.889341      12.349167      11.769355       9.431969      10.632456      12.050652      12.134424      14.841673      17.298807      20.737143      23.645548      26.117235      24.598288      22.997120      19.269363      16.072659      12.291173      10.017074       6.579515       5.908149       5.662490       5.690659       3.821913       0.000000       3.821051       6.658416       9.650759      13.218343      15.480388      19.265663      21.942917      23.676788      22.074068      21.230888      22.734688      24.684866      28.274553      29.161652      29.217350      25.816225      24.000023      20.588949      19.528614      17.031832      14.278657      15.425923      14.068849      14.363568      13.999367      14.294952      14.667633      13.225604      16.825876      18.437529      21.108841      20.578407      18.262108      15.778705      13.240474      15.190797      15.365844      17.039661      18.860577      17.173067      18.742662      18.620193      18.470304
      20.839874      18.662882      16.509645      13.373865      13.307947      10.912374      11.700805      12.000402      11.857281      13.688365      15.757168      18.831604      21.805462      23.956724      22.030964      20.618135      16.813354      13.963722      10.231050       8.945213       6.626913       7.065002       8.595032       8.452701       5.034994       3.821051       0.000000       3.821746       6.844361      10.456252      13.327720      17.124374      20.214281      21.821283      20.672375      20.323771      22.411448      24.480122      27.924833      28.442274      28.430502      24.822609      23.329943      20.235603      19.634279      17.113390      15.070444      16.410141      15.506366      15.148430      14.639072      14.084779      14.095576      11.749492      14.936298      15.945960      18.267460      17.296289      14.896140      12.834071      10.508422      12.647077      13.584895      15.751442      18.167009      16.634369      18.888041      19.271650      19.845013
      21.200521      18.842651      16.311398      13.406760      13.017472      10.260941      10.178191       9.384213       9.203302      10.372315      12.092716      15.062834      18.015919      20.146212      18.249529      16.844151      13.036617      10.157024       6.457532       5.850718       5.026073       6.992084       9.761775      10.622967       7.162347       6.658416       3.821746       0.000000       3.821188       6.949856       9.893223      13.618908      16.727205      18.574759      17.799213      17.415094      19.817181      21.689503      25.074297      25.259016      25.066389      21.383770      19.982800      17.098879      16.812420      14.426754      13.053761      14.418409      14.084517      13.375694      13.278279      12.543810      13.093340      10.485040      13.241800      14.323549      16.139952      15.172132      13.456199      11.862495       8.941516      10.098189      10.872196      13.667553      16.067247      14.187050      16.713421      17.194645      18.421635
      19.915390      17.163654      14.775550      12.573462      12.777164      10.684205      10.850430       9.549171      10.345387      10.668806      11.134129      13.741632      16.158415      18.375051      16.155966      14.280506      10.571905       8.430316       5.532657       5.504287       6.739615       8.052673      11.593789      12.187008       8.706427       9.650759       6.844361       3.821188       0.000000       3.820887       6.729469      10.464537      13.814074      15.214035      14.524342      14.695961      17.466824      19.659109      22.761902      22.885082      23.005795      19.272833      18.495537      16.091398      16.670366      14.991620      14.237676      14.891259      14.427420      12.737453      12.101761      10.442670      10.673230       7.610691       9.776360      10.783219      12.453712      11.810712      10.595628       9.020305       5.684953       6.287601       7.443136      10.435945      13.230407      11.795008      14.892973      16.128126      17.905832
      21.669355      18.836092      16.358263      14.678719      14.687722      12.643894      12.050771       9.688746      10.441950       9.466446       8.736432      10.665323      12.794995      14.848077      12.465273      10.526339       6.855403       5.466629       4.277066       6.175595       9.024509      10.908607      14.619634      15.645670      12.366829      13.218343      10.456252       6.949856       3.820887       0.000000       3.821478       7.130294      10.698217      12.265716      12.361529      12.768212      16.022840      17.947863      20.784330      20.395489      20.324905      16.523674      16.121220      14.313020      15.502919      14.253516      14.486239      15.034020      15.213082      13.189610      12.964128      11.093701      11.742251       8.793698       9.638617      10.362208      10.945335      10.285175      10.296470       9.759177       6.662543       5.110384       6.188870       9.887308      12.557266      10.973482      14.350468      15.803223      18.289497
      20.527813      17.874847      15.209170      14.079259      13.931822      12.376759      11.645223       9.135840      10.863266       9.704407       7.803452       9.560223      10.702072      13.352211      11.419834       8.539192       5.520233       4.933599       5.674694       6.750793      10.299438      11.792050      15.562095      16.903339      14.155179      15.480388      13.327720       9.893223       6.729469       3.821478       0.000000       3.820924       7.108482       8.745657       8.737051       9.036668      12.451064      14.387037      17.054581      16.688419      16.878885      13.138412      13.181823      11.805602      13.763865      13.461106      14.131874      13.849044      14.021658      11.428041      11.265830       9.340826      10.630604       8.600463       8.732403      10.266622      10.626634      11.119952      12.136272      11.420668       8.209426       5.057923       3.912482       7.638441       9.647588       7.933115      11.399469      13.217460      16.162880
      22.399725      19.807474      17.279413      16.748358      16.577974      15.342394      14.325733      11.542405      13.241994      11.352364       8.308122       8.689525       8.479676      11.059589       9.264657       5.726052       4.405706       6.118927       8.612911      10.085773      13.809043      15.319172      19.024843      20.486492      17.892666      19.265663      17.124374      13.618908      10.464537       7.130294       3.820924       0.000000       3.821253       5.506477       6.875289       7.660360      11.428174      12.994398      15.044065      14.098542      14.289725      10.646420      11.604273      11.376208      14.140510      14.617844      16.069256      15.468947      16.020859      13.247958      13.298357      11.380548      12.770000      11.258227      10.251578      11.465034      10.770926      11.674398      13.743221      13.663424      11.036985       7.332304       5.974014       8.737415       9.996918       8.627736      11.837219      13.897773      17.334116
      23.119144      20.934092      18.283850      18.092365      17.564301      16.616684      15.321824      12.612659      14.595354      12.682776       9.227695       9.096732       7.415479      10.429721       9.795996       6.046165       6.717764       8.398565      11.296897      12.303163      16.021128      17.416962      20.905621      22.692759      20.526894      21.942917      20.214281      16.727205      13.814074      10.698217       7.108482       3.821253       0.000000       3.821151       5.708363       5.664983       9.161125      10.059824      11.667327      10.360418      10.637980       7.179764       8.962412       9.757634      13.175593      14.613834      16.512245      15.344193      16.123549      13.340182      13.808692      12.446872      14.401313      13.787359      12.641999      14.281077      13.506836      14.932315      17.299358      17.107496      14.456306      10.701105       8.456964      10.164481      10.023274       8.528076      10.840414      12.782795      16.512848
      22.378073      19.985338      17.898485      18.456650      18.637543      18.362852      17.760057      15.505447      17.820234      16.144537      12.819060      12.605235      10.746109      13.186065      12.035797       8.324998       9.244506      11.396458      13.920441      14.694754      18.255486      19.064030      22.618311      23.902309      21.749662      23.676788      21.821283      18.574759      15.214035      12.265716       8.745657       5.506477       3.821151       0.000000       3.821763       6.131979       9.498923      11.206822      11.942642      11.036113      12.341343       9.595861      12.140002      13.160206      16.672403      18.208820      19.792070      18.319195      18.504332      15.255333      14.842629      12.753092      13.917109      13.511040      11.422195      12.762272      11.671867      13.826033      16.601339      16.448256      14.381537      10.622968       8.734797       9.308590       9.255194       9.300756      11.818899      14.577200      18.146515
      18.701406      16.508469      14.393659      15.268189      15.618429      15.932961      15.898711      14.378482      17.320280      16.456436      13.666755      14.450752      13.103292      16.091845      15.089786      11.271020      11.193501      12.274267      13.951106      13.713022      16.880253      17.008883      20.356501      21.492773      19.769785      22.074068      20.672375      17.799213      14.524342      12.361529       8.737051       6.875289       5.708363       3.821763       0.000000       3.821510       6.866448       9.637113      10.771656      11.136778      13.139199      10.555509      12.618672      12.926770      16.256227      17.902594      18.843616      16.849581      16.329773      12.767378      11.789274       9.641776      10.902494      11.358581       9.611500      11.921591      11.960419      14.654721      16.848970      15.829840      13.466829      10.037048       7.261465       6.553011       5.591311       6.361878       8.797783      12.078452      15.347073
      18.560970      16.954990      14.192030      14.526428      13.975933      14.045225      13.506657      12.076326      15.193099      14.641706      12.082823      13.331542      12.072131      15.562198      15.325490      11.627330      11.385607      11.582190      13.168837      12.445042      15.508886      15.811770      18.872004      20.585377      19.245625      21.230888      20.323771      17.415094      14.695961      12.768212       9.036668       7.660360       5.664983       6.131979       3.821510       0.000000       3.820874       6.264967       8.375783       9.073236      10.816064       8.213862       9.623835       9.639391      12.948248      15.002544      15.969123      13.633775      13.324629       9.998789       9.914092       9.014503      11.502454      12.424080      11.788884      14.628489      15.091067      17.405602      19.225224      17.931814      14.973128      11.684523       8.182058       7.976027       5.828171       4.551226       5.854310       8.624503      12.141222
      17.716476      16.870457      14.063016      14.686183      13.783351      14.441138      14.071872      13.409317      16.787567      16.797567      14.635547      16.124716      14.744544      18.348793      18.628067      15.056350      14.926822      14.700052      15.953537      14.577821      17.127218      16.977402      19.497829      21.352230      20.671003      22.734688      22.411448      19.817181      17.466824      16.022840      12.451064      11.428174       9.161125       9.498923       6.866448       3.820874       0.000000       3.821904       6.021036       8.212794      10.590768       9.096568      10.203755      10.212164      13.245704      15.867264      16.533730      13.518678      12.824778       9.723174       9.801937       9.945114      12.758612      14.600486      14.348942      17.548733      18.388830      20.932449      22.573589      20.917105      17.884382      14.928742      11.230029      10.232966       6.927967       5.937848       4.557778       6.989412      10.120960
      20.956728      20.408377      17.415594      17.637039      16.090094      16.239576      15.085542      14.099481      17.058626      16.821135      14.592793      15.717892      13.956897      17.500839      18.561411      15.362029      15.751642      15.490666      17.152517      16.056326      18.666630      19.029911      21.349123      23.678720      23.071556      24.684866      24.480122      21.689503      19.659109      17.947863      14.387037      12.994398      10.059824      11.206822       9.637113       6.264967       3.821904       0.000000       3.821495       5.706432       7.593820       7.004893       7.838909       8.616143      11.696378      14.941870      16.168987      13.152643      13.307098      11.048424      12.266262      13.126629      16.266817      17.878754      17.763760      20.818842      21.336199      23.598591      25.388458      23.991917      20.814421      17.696142      14.039493      13.698368      10.637153       8.885999       6.939703       7.448720      10.622294
