       0.000000       3.540513       6.499244       9.336079      11.398019      14.404623      15.535493      16.386333      19.256281      22.451334      21.151030      22.485420      20.844749      21.251110      19.472185      16.581007      16.218811      16.027250      13.190815      10.992631      11.997826      11.303697       7.623767       7.634789      10.624276      11.872657      11.769038      15.204849      16.133535      18.999172      21.246136      23.399799      25.936819      25.342566      27.276344      26.603168      26.325497      23.831596      24.463535      22.286644      20.369053      16.626829      14.669819      11.026409      11.386637      13.332321      13.050482      16.390654      17.976048      21.054869      23.504692      26.783264      30.104177      29.169222      25.894836      23.892263      20.714598      22.329447      19.686646      16.071095      13.976642      11.676466      10.422493      13.450724
       3.540513       0.000000       3.859339       5.902260       7.964779      10.896976      12.271827      13.164966      15.846918      19.159107      18.142839      19.743391      18.369339      19.175095      17.261080      14.095667      14.385717      14.567588      11.380395       9.260266      11.333960      10.913009       7.230280       7.763795      11.352649      12.634702      11.442622      14.549678      14.662774      17.228504      19.003935      20.944244      23.177618      22.350529      24.393288      24.050297      23.996925      21.853062      22.934530      20.938137      19.504936      15.950120      14.355865      11.116613      11.499427      12.420006      11.224061      14.139580      15.299627      18.136986      20.518812      23.660198      27.089075      26.204794      23.072302      20.854391      17.566370      18.987642      16.296146      12.631076      10.823322       8.842809       8.585688      12.076570
       6.499244       3.859339       0.000000       3.817874       7.189030       9.979156      12.276749      12.548342      14.533017      18.027229      17.469805      18.886539      17.271391      18.795261      17.347189      13.691235      14.114313      15.261743      12.397332       9.649163      12.195219      12.860959       9.514894       8.968377      12.538632      12.832180      10.776483      13.102544      12.936177      14.829926      16.590549      18.061773      20.279039      19.269331      20.996773      20.563074      20.286999      18.164478      19.265043      17.253139      16.111160      12.716300      11.641240       8.967165       9.966296      10.056524       8.703495      11.223866      12.760801      15.302909      18.125601      21.332737      24.871319      24.461006      21.279364      19.301888      15.739732      16.734053      13.756129      10.224379       8.192132       5.374041       5.219317       8.623252
       9.336079       5.902260       3.817874       0.000000       3.837682       6.214128       8.822942       9.215972      10.904292      14.519999      14.342203      16.217358      15.185136      17.036449      15.314277      11.608312      13.018096      14.310314      11.209698       9.205687      12.581910      13.131845      10.296949      10.654259      14.252638      14.973189      12.317423      14.239378      13.012641      14.530253      15.406535      16.649506      18.299730      16.978512      19.027336      19.203360      19.430876      17.947849      19.733864      18.130280      17.639870      14.724450      14.002832      11.965902      12.528461      11.604598       9.050118      10.572351      11.022145      13.105673      15.578488      18.485170      22.133137      21.626108      18.737967      16.345779      12.736253      13.495222      10.525210       6.814107       5.642274       4.391665       6.728251      10.165184
      11.398019       7.964779       7.189030       3.837682       0.000000       3.821218       5.300476       5.550528       7.885936      11.281240      10.828569      13.054839      12.615012      14.271849      12.134586       8.688467      10.916793      11.930317       8.704042       7.841864      11.601140      11.843552       9.842456      11.098836      14.433596      15.786446      12.976301      14.812740      12.858860      14.497872      14.637034      16.168121      17.440006      16.318430      18.974180      19.531635      20.476597      19.413839      21.719822      20.663040      20.293024      17.676813      16.650097      14.785043      14.527451      13.230865      10.009291      11.024115      10.227588      12.275871      13.886395      16.530893      20.032984      19.026909      16.354916      13.565154      10.268898      11.537899       9.294439       5.909770       5.377880       6.658743       9.386889      12.880354
      14.404623      10.896976       9.979156       6.214128       3.821218       0.000000       3.776556       5.400913       6.156910       9.795782      10.512227      13.511805      13.989512      16.005762      13.692273      10.651731      13.652981      14.663820      11.516418      11.377584      15.164970      15.177975      13.364857      14.895960      18.218493      19.585340      16.662317      18.189161      15.866824      16.900351      16.340946      17.219387      17.695820      15.939767      18.511381      19.796650      20.867605      20.445471      23.033281      22.007589      22.252184      19.911406      19.464825      17.881624      17.989792      16.389149      13.008799      13.178113      11.746633      12.678806      13.909648      15.848121      19.479095      18.591158      16.545004      13.273167      10.092234      10.310752       8.007742       5.045778       6.952138       8.771561      12.179624      15.262593
      15.535493      12.271827      12.276749       8.822942       5.300476       3.776556       0.000000       3.817389       5.859742       8.497829       8.442225      11.806753      12.938949      14.256194      11.407095       9.219699      12.582029      12.863885       9.769916      10.876725      14.432946      13.904934      12.858392      15.080046      18.049477      20.004860      17.304485      19.007561      16.515482      17.940794      17.104816      18.472504      18.855310      17.572720      20.600319      21.927990      23.463573      23.086117      25.836143      25.095371      25.104816      22.740795      21.816936      20.057880      19.556517      18.085938      14.600388      14.913811      12.935534      14.133177      14.475795      16.146677      19.389841      17.808451      15.996745      12.464087      10.081458      11.147930      10.008560       7.874542       9.191034      11.553307      14.599790      17.939455
      16.386333      13.164966      12.548342       9.215972       5.550528       5.400913       3.817389       0.000000       3.864149       6.168629       5.414146       8.312519       9.198525      10.925740       8.558136       6.018706       9.660775      10.692590       8.393497       9.281616      12.803526      13.138306      12.668124      14.264730      16.868395      18.467899      15.416629      16.536434      13.609565      14.771100      13.589879      15.124090      15.577504      14.786938      18.110594      19.207542      21.109983      20.763927      23.717533      23.468100      23.429625      21.417852      20.320316      19.023291      18.075718      16.100485      12.416609      12.234050       9.747087      11.071840      11.074024      13.005303      16.123636      14.490690      12.356048       9.018978       6.625429       8.584977       8.177708       6.846498       7.390646      10.598491      13.521075      16.595606
      19.256281      15.846918      14.533017      10.904292       7.885936       6.156910       5.859742       3.864149       0.000000       3.822895       5.640233       8.680326      10.136573      12.730129      11.006320       8.721334      12.372198      13.988845      12.114755      12.646002      16.189667      16.885006      16.286097      17.527618      20.186052      21.353638      17.990005      18.519890      15.264839      15.481618      13.588217      14.177629      13.751169      12.352003      15.592478      17.330379      19.428019      19.751789      23.010387      22.991367      23.570612      22.019922      21.513865      20.738367      20.152462      17.669661      13.889718      12.702180       9.748466       9.620677       9.255640      10.426880      13.785470      12.650220      11.140801       7.546699       5.091882       5.458695       5.588056       5.899817       7.951825      11.489664      14.900563      17.411602
      22.451334      19.159107      18.027229      14.519999      11.281240       9.795782       8.497829       6.168629       3.822895       0.000000       3.783859       6.701554       9.358469      11.727242      10.312657       9.304808      12.981165      14.459462      13.388154      14.560207      17.698227      18.429590      18.538311      19.866024      22.089973      23.359375      20.021591      20.210096      16.666811      16.650740      14.094239      14.673143      13.662193      12.791935      16.308161      18.238640      20.900274      21.582674      25.071115      25.534603      26.165588      24.916632      24.260332      23.701803      22.717890      20.056158      16.285316      14.743955      11.265220      10.702814       8.876711       8.993349      11.622456       9.839396       9.177473       5.331508       5.145094       5.953094       8.065619       9.465359      11.102385      14.848303      18.035797      20.387489
      21.151030      18.142839      17.469805      14.342203      10.828569      10.512227       8.442225       5.414146       5.640233       3.783859       0.000000       3.874719       6.742556       8.295608       6.576524       6.298228       9.899096      11.009577      10.436078      12.096017      14.813704      15.493475      16.188755      17.608404      19.427464      20.962105      17.873259      18.229254      14.780557      15.397079      13.154181      14.681013      14.436735      14.420314      18.150028      19.424475      22.122185      22.277512      25.602051      26.113157      26.206074      24.749733      23.518185      22.734608      21.223717      18.820993      15.166466      14.171271      10.793717      11.400167       9.563200      10.507993      12.654865      10.156853       8.718655       5.284500       5.599092       8.321629      10.126925      10.693916      11.144706      14.821227      17.484266      20.107546
      22.485420      19.743391      18.886539      16.217358      13.054839      13.511805      11.806753       8.312519       8.680326       6.701554       3.874719       0.000000       3.814985       5.426262       5.462378       6.104791       8.568345      10.209759      10.964916      12.307503      14.318820      15.665908      16.917810      17.757835      18.958015      20.144341      17.072468      16.809763      13.231220      13.599242      11.071571      12.983516      12.976912      13.958755      17.769289      18.527899      21.512779      21.566095      24.882473      25.866341      25.753616      24.628914      23.135687      22.730135      20.762636      18.165764      14.787144      13.536250      10.116976      10.935716       8.529287       9.671180      10.994000       8.173380       6.143923       4.267116       6.059772       9.465632      11.766691      12.730713      12.288829      15.890960      17.993425      20.239367
      20.844749      18.369339      17.271391      15.185136      12.615012      13.989512      12.938949       9.198525      10.136573       9.358469       6.742556       3.814985       0.000000       3.911558       5.534763       4.993545       5.967601       8.661000       9.980376      10.344133      11.952753      14.077730      15.308234      15.415942      16.316488      17.022556      13.882511      13.223228       9.633517      10.085693       7.946641      10.610920      11.611668      13.188102      16.843325      16.831266      19.610727      19.157595      22.235985      23.310751      22.845755      21.789669      20.038609      19.835251      17.608505      14.947017      11.862714      10.726666       7.746056       9.509354       7.922306      10.251592      11.704636       9.641378       6.333927       6.035856       6.468939      10.214238      11.887414      12.490904      10.971052      14.174095      15.632022      17.608353
      21.251110      19.175095      18.795261      17.036449      14.271849      16.005762      14.256194      10.925740      12.730129      11.727242       8.295608       5.426262       3.911558       0.000000       3.592996       5.594870       5.282755       6.515756       9.016700      10.277021      10.879599      12.585533      14.704833      15.147480      15.385567      16.645233      14.164975      13.958138      10.964037      12.355412      10.955028      14.064345      15.307973      17.081854      20.715631      20.524746      23.229317      22.488344      25.330961      26.318087      25.432077      24.117834      21.874662      21.285540      18.600470      16.543604      13.847745      13.560439      11.128755      13.344557      11.790929      13.820858      14.744275      12.108270       9.373548       9.142195      10.004977      13.812202      15.371695      15.468032      13.739379      16.626673      17.661682      19.940166
      19.472185      17.261080      17.347189      15.314277      12.134586      13.692273      11.407095       8.558136      11.006320      10.312657       6.576524       5.462378       5.534763       3.592996       0.000000       3.967199       5.333224       5.205014       6.596744       8.897744      10.124802      10.874227      12.854259      14.130571      14.895004      16.815002      14.438393      15.095599      12.259551      14.123281      12.955525      15.881604      16.956596      18.039778      21.741882      21.940908      24.453827      23.715244      26.564541      27.099945      26.269176      24.531061      22.353783      21.242624      18.831209      17.101574      14.104601      14.269156      11.794446      14.081755      12.801234      14.764606      16.260689      13.478719      11.051700       9.495805       9.773394      13.478455      14.652265      14.205857      12.881269      15.801268      17.208582      20.018454
      16.581007      14.095667      13.691235      11.608312       8.688467      10.651731       9.219699       6.018706       8.721334       9.304808       6.298228       6.104791       4.993545       5.594870       3.967199       0.000000       3.874025       5.554310       5.305944       6.227768       8.624987       9.951252      10.857649      11.735949      13.229682      14.745422      11.853765      12.600504       9.616918      11.481830      10.674527      13.475448      14.875610      15.540590      19.071484      19.175014      21.338001      20.423580      23.189421      23.458607      22.698332      20.848343      18.881540      17.778843      15.721803      13.797090      10.522285      10.762810       8.498566      11.171228      10.823567      13.450560      15.739856      13.685580      10.684466       8.806854       7.544527      11.146672      11.554656      10.667162       8.976401      11.838255      13.376645      16.231651
      16.218811      14.385717      14.114313      13.018096      10.916793      13.652981      12.582029       9.660775      12.372198      12.981165       9.899096       8.568345       5.967601       5.282755       5.333224       3.874025       0.000000       3.725462       5.458821       5.278159       6.019979       8.386975       9.934270       9.939447      10.509477      11.786087       9.209396       9.817354       7.340402      10.009748      10.158106      13.631500      15.809095      17.123762      20.448078      19.831642      21.810080      20.364325      22.747372      23.136051      21.816502      19.979038      17.455648      16.403191      13.707306      12.118276       9.599056      10.515919       9.237107      12.589279      12.606543      15.602136      17.507694      15.601251      12.220653      11.439391      10.398826      14.057187      14.309469      13.269402      10.652692      12.702819      13.134096      15.718009
      16.027250      14.567588      15.261743      14.310314      11.930317      14.663820      12.863885      10.692590      13.988845      14.459462      11.009577      10.209759       8.661000       6.515756       5.205014       5.554310       3.725462       0.000000       3.837571       5.664700       5.340569       6.136258       8.766729       9.808694       9.981527      12.339493      10.726964      12.230352      10.536818      13.581996      13.871206      17.331545      19.356337      20.529356      23.937513      23.485367      25.421354      23.915359      26.179483      26.320402      24.811457      22.636383      19.887703      18.277624      15.500914      14.685259      12.452955      13.924943      12.736871      16.009045      15.821754      18.527298      20.319504      17.963055      14.960264      13.777454      13.026928      16.683861      16.894209      15.466271      13.162509      14.988375      15.354959      18.331690
      13.190815      11.380395      12.397332      11.209698       8.704042      11.516418       9.769916       8.393497      12.114755      13.388154      10.436078      10.964916       9.980376       9.016700       6.596744       5.305944       5.458821       3.837571       0.000000       3.793691       5.515794       5.076671       6.366432       8.411197       9.893628      12.553351      10.748756      12.962072      11.330214      14.367970      14.762459      17.838545      19.717293      20.195805      23.498798      23.359377      24.996069      23.512634      25.748579      25.406462      24.072912      21.537878      19.079693      17.035305      14.864989      14.237195      11.674995      13.455007      12.391564      15.589212      15.899138      18.651203      21.043188      18.893627      15.962245      13.986626      12.428747      15.659934      15.217152      13.147205      11.160577      12.762292      13.538530      16.966017
      10.992631       9.260266       9.649163       9.205687       7.841864      11.377584      10.876725       9.281616      12.646002      14.560207      12.096017      12.307503      10.344133      10.277021       8.897744       6.227768       5.278159       5.664700       3.793691       0.000000       3.818780       5.339706       5.101700       5.546809       7.607785       9.529505       7.260817       9.679655       8.473831      11.748931      12.927525      15.986644      18.375406      18.851608      21.817020      21.240093      22.467834      20.598749      22.526125      22.030647      20.477667      17.866262      15.306481      13.283213      11.108894      10.536136       8.235005      10.617665      10.486744      14.086065      15.221830      18.452803      21.090839      19.520212      16.164564      14.595648      12.371023      15.366261      14.350491      12.002972       9.176574       9.993113      10.085938      13.412912
      11.997826      11.333960      12.195219      12.581910      11.601140      15.164970      14.432946      12.803526      16.189667      17.698227      14.813704      14.318820      11.952753      10.879599      10.124802       8.624987       6.019979       5.340569       5.515794       3.818780       0.000000       3.775277       5.300556       4.810055       4.782941       7.291207       6.310115       8.996252       8.874542      12.640373      14.346553      17.802805      20.546339      21.547396      24.467772      23.459587      24.656807      22.463959      24.062807      23.705896      21.644798      19.067013      15.943262      13.875309      10.970798      11.176860       9.974053      12.693696      12.996364      16.790052      17.766054      21.045532      23.276100      21.555387      18.108147      17.101774      15.368519      18.628981      17.873045      15.703282      12.634903      13.056894      12.229431      15.141041
      11.303697      10.913009      12.860959      13.131845      11.843552      15.177975      13.904934      13.138306      16.885006      18.429590      15.493475      15.665908      14.077730      12.585533      10.874227       9.951252       8.386975       6.136258       5.076671       5.339706       3.775277       0.000000       3.752906       5.775440       6.147882       9.720947       9.528045      12.627164      12.502037      16.185007      17.604839      20.945541      23.400841      24.082125      27.119621      26.457874      27.651363      25.574165      27.204781      26.547358      24.557968      21.674570      18.671124      16.091925      13.619123      14.285189      12.927779      15.705044      15.709761      19.325830      20.127163      23.173698      25.505487      23.471813      20.309460      18.758001      17.074432      20.248316      19.391470      16.881676      14.346941      14.754004      14.302418      17.620275
       7.623767       7.230280       9.514894      10.296949       9.842456      13.364857      12.858392      12.668124      16.286097      18.538311      16.188755      16.917810      15.308234      14.704833      12.854259      10.857649       9.934270       8.766729       6.366432       5.101700       5.300556       3.752906       0.000000       3.796510       6.213319       9.289018       8.854006      12.387567      12.518041      16.048075      17.759085      20.732628      23.228338      23.430395      26.176416      25.556856      26.321856      24.125517      25.542793      24.427122      22.494793      19.309500      16.564981      13.603664      11.815690      12.797424      11.535182      14.657550      15.161095      18.706203      20.124624      23.314505      26.084305      24.436785      21.190016      19.368477      17.019127      19.704617      18.185860      15.184339      12.678599      12.326541      11.751266      15.256512
       7.634789       7.763795       8.968377      10.654259      11.098836      14.895960      15.080046      14.264730      17.527618      19.866024      17.608404      17.757835      15.415942      15.147480      14.130571      11.735949       9.939447       9.808694       8.411197       5.546809       4.810055       5.775440       3.796510       0.000000       3.703154       5.736042       5.475752       9.239347      10.242122      13.844611      16.232374      19.224951      22.156345      22.618557      25.069784      23.936954      24.418221      21.847996      22.899483      21.826864      19.530977      16.407251      13.321344      10.460238       8.241044       9.678352       9.315502      12.847225      14.167257      17.914989      19.756437      23.234463      25.946022      24.680420      21.140379      19.877611      17.383179      20.028708      18.391052      15.549742      12.395161      11.412832       9.769907      12.774502
      10.624276      11.352649      12.538632      14.252638      14.433596      18.218493      18.049477      16.868395      20.186052      22.089973      19.427464      18.958015      16.316488      15.385567      14.895004      13.229682      10.509477       9.981527       9.893628       7.607785       4.782941       6.147882       6.213319       3.703154       0.000000       3.875719       5.610673       9.006422      10.730993      14.528430      17.143547      20.465572      23.621527      24.602203      27.101187      25.636618      26.238514      23.502625      24.377483      23.622850      20.968834      18.110693      14.597508      12.096072       9.111047      10.903303      11.252427      14.662648      16.025711      19.905235      21.464706      24.956406      27.275837      25.861755      22.260263      21.474348      19.436312      22.418022      21.173332      18.656332      15.319088      14.564874      12.567544      15.013832
      11.872657      12.634702      12.832180      14.973189      15.786446      19.585340      20.004860      18.467899      21.353638      23.359375      20.962105      20.144341      17.022556      16.645233      16.815002      14.745422      11.786087      12.339493      12.553351       9.529505       7.291207       9.720947       9.289018       5.736042       3.875719       0.000000       3.841441       6.523872       9.399179      12.833196      16.043844      19.159340      22.628220      23.777319      25.886492      23.958141      24.229639      21.186398      21.642708      20.976698      18.018339      15.403082      11.662656       9.678352       6.262875       8.461879       9.995866      13.394702      15.496389      19.306225      21.256134      24.903414      27.170124      26.217207      22.450787      22.148907      19.973484      22.731237      21.371593      19.083513      15.438877      14.216249      11.477871      13.028337
      11.769038      11.442622      10.776483      12.317423      12.976301      16.662317      17.304485      15.416629      17.990005      20.021591      17.873259      17.072468      13.882511      14.164975      14.438393      11.853765       9.209396      10.726964      10.748756       7.260817       6.310115       9.528045       8.854006       5.475752       5.610673       3.841441       0.000000       3.815582       5.905892       9.385078      12.475981      15.510527      18.904934      19.954163      22.127888      20.347013      20.807661      17.986225      18.893299      18.435528      15.908563      13.459935      10.015277       8.490932       5.047776       5.535108       6.289145       9.614638      11.668899      15.468833      17.507410      21.182329      23.573544      22.794983      19.008146      18.681492      16.357183      19.004440      17.682922      15.615185      11.888894      10.994858       8.610758      10.339660
      15.204849      14.549678      13.102544      14.239378      14.812740      18.189161      19.007561      16.536434      18.519890      20.210096      18.229254      16.809763      13.223228      13.958138      15.095599      12.600504       9.817354      12.230352      12.962072       9.679655       8.996252      12.627164      12.387567       9.239347       9.006422       6.523872       3.815582       0.000000       3.827497       6.513550      10.042398      12.994040      16.635866      18.166117      20.122425      17.906857      18.465719      15.608427      16.531893      16.741549      14.264196      12.653650       9.372498       9.357398       6.020432       4.696537       6.002018       8.189906      10.513412      14.049563      16.064919      19.731239      21.791302      21.391140      17.554558      17.953384      15.909468      18.451214      17.496407      16.144482      12.373695      11.840363       9.544821      10.105467
      16.133535      14.662774      12.936177      13.012641      12.858860      15.866824      16.515482      13.609565      15.264839      16.666811      14.780557      13.231220       9.633517      10.964037      12.259551       9.616918       7.340402      10.536818      11.330214       8.473831       8.874542      12.502037      12.518041      10.242122      10.730993       9.399179       5.905892       3.827497       0.000000       3.862914       6.646356       9.928766      13.352312      14.946389      17.316669      15.510112      16.705948      14.456621      16.234135      16.822830      15.121200      13.803008      11.240677      11.399830       8.700489       6.035148       4.841491       5.724027       7.069920      10.672533      12.351368      15.993862      18.073761      17.606188      13.769382      14.154234      12.235579      14.909969      14.367252      13.495167       9.916039      10.490732       9.424232      10.424502
      18.999172      17.228504      14.829926      14.530253      14.497872      16.900351      17.940794      14.771100      15.481618      16.650740      15.397079      13.599242      10.085693      12.355412      14.123281      11.481830      10.009748      13.581996      14.367970      11.748931      12.640373      16.185007      16.048075      13.844611      14.528430      12.833196       9.385078       6.513550       3.862914       0.000000       3.859902       6.519127      10.211195      12.131556      14.156357      11.998523      13.376686      11.383212      13.512719      14.797544      13.668786      13.284096      11.550906      12.798702      10.820559       7.332502       6.195811       4.595895       5.947193       8.556458      10.426150      13.961757      15.866241      16.117498      12.391139      13.448574      11.683228      13.746530      13.481850      13.494185      10.328095      11.167392      10.542967      10.460928
      21.246136      19.003935      16.590549      15.406535      14.637034      16.340946      17.104816      13.589879      13.588217      14.094239      13.154181      11.071571       7.946641      10.955028      12.955525      10.674527      10.158106      13.871206      14.762459      12.927525      14.346553      17.604839      17.759085      16.232374      17.143547      16.043844      12.475981      10.042398       6.646356       3.859902       0.000000       3.806484       6.957514       9.349166      11.938611      10.418811      12.795759      11.899574      14.819435      16.511822      16.176973      16.101730      14.910134      16.102060      14.358370      10.786092       8.669810       5.890635       4.723843       6.113180       6.972748      10.312008      12.014662      12.373857       8.746453      10.237772       9.065469      11.053123      11.687176      12.669845      10.301781      12.275269      12.784922      13.004169
      23.399799      20.944244      18.061773      16.649506      16.168121      17.219387      18.472504      15.124090      14.177629      14.673143      14.681013      12.983516      10.610920      14.064345      15.881604      13.475448      13.631500      17.331545      17.838545      15.986644      17.802805      20.945541      20.732628      19.224951      20.465572      19.159340      15.510527      12.994040       9.928766       6.519127       3.806484       0.000000       3.804562       6.309597       8.367795       6.757990       9.578208       9.545184      12.928942      15.048179      15.551792      16.149965      15.846243      17.564272      16.506296      12.713166      10.719889       7.138367       6.049555       4.931798       6.185876       8.933802      10.694637      12.179872       9.205823      10.879605       9.679803      10.335829      11.027945      12.824800      11.225093      13.115370      14.027802      13.566023
      25.936819      23.177618      20.279039      18.299730      17.440006      17.695820      18.855310      15.577504      13.751169      13.662193      14.436735      12.976912      11.611668      15.307973      16.956596      14.875610      15.809095      19.356337      19.717293      18.375406      20.546339      23.400841      23.228338      22.156345      23.621527      22.628220      18.904934      16.635866      13.352312      10.211195       6.957514       3.804562       0.000000       3.758399       6.218535       6.176852       9.826313      11.163235      14.860004      17.077272      18.255461      19.029411      19.157625      20.806984      19.992180      16.196516      13.836863      10.153370       8.147607       5.232871       4.903236       6.152474       7.735302      10.064438       8.087522       9.849023       9.315574       8.935065      10.469341      13.229209      12.694402      15.093470      16.713455      16.403189
      25.342566      22.350529      19.269331      16.978512      16.318430      15.939767      17.572720      14.786938      12.352003      12.791935      14.420314      13.958755      13.188102      17.081854      18.039778      15.540590      17.123762      20.529356      20.195805      18.851608      21.547396      24.082125      23.430395      22.618557      24.602203      23.777319      19.954163      18.166117      14.946389      12.131556       9.349166       6.309597       3.758399       0.000000       3.814812       5.759847       8.914399      10.846699      14.661324      16.329245      18.060804      18.658075      19.334410      20.795797      20.573452      16.852503      14.227008      10.580446       8.608952       4.779564       5.488955       6.206465       8.947354      11.374048       9.877442      10.337976       8.987422       7.153415       8.104087      11.246490      11.617749      13.944773      16.154531      15.913695
      27.276344      24.393288      20.996773      19.027336      18.974180      18.511381      20.600319      18.110594      15.592478      16.308161      18.150028      17.769289      16.843325      20.715631      21.741882      19.071484      20.448078      23.937513      23.498798      21.817020      24.467772      27.119621      26.176416      25.069784      27.101187      25.886492      22.127888      20.122425      17.316669      14.156357      11.938611       8.367795       6.218535       3.814812       0.000000       3.825862       6.359261       9.339355      12.958480      14.841532      17.218609      18.443378      19.790943      21.720051      21.976809      18.279623      16.188919      12.540757      11.502681       7.959083       9.275251       9.601343      11.727529      14.667153      13.467757      14.124751      12.685945      10.479461      10.708319      13.606389      14.051175      15.641544      17.560490      16.564852
      26.603168      24.050297      20.563074      19.203360      19.531635      19.796650      21.927990      19.207542      17.330379      18.238640      19.424475      18.527899      16.831266      20.524746      21.940908      19.175014      19.831642      23.485367      23.359377      21.240093      23.459587      26.457874      25.556856      23.936954      25.636618      23.958141      20.347013      17.906857      15.510112      11.998523      10.418811       6.757990       6.176852       5.759847       3.825862       0.000000       3.812131       6.296618       9.897510      12.387292      14.458595      16.122263      17.365486      19.744484      19.875101      16.162634      14.713727      11.096804      10.970915       8.286615      10.224070      11.488914      13.296177      16.059994      14.201900      15.426426      13.875644      12.576721      12.520031      14.787134      14.246644      15.302851      16.416115      14.835651
      26.325497      23.996925      20.286999      19.430876      20.476597      20.867605      23.463573      21.109983      19.428019      20.900274      22.122185      21.512779      19.610727      23.229317      24.453827      21.338001      21.810080      25.421354      24.996069      22.467834      24.656807      27.651363      26.321856      24.418221      26.238514      24.229639      20.807661      18.465719      16.705948      13.376686      12.795759       9.578208       9.826313       8.914399       6.359261       3.812131       0.000000       3.801928       6.848451       9.218684      11.876713      14.001955      15.952304      18.642183      19.395584      15.960912      15.145492      11.976821      12.868950      10.763621      13.427090      14.977247      17.046001      19.728933      17.690311      18.600824      16.539707      15.117648      14.210904      15.855494      15.190011      15.318952      15.978958      13.688935
      23.831596      21.853062      18.164478      17.947849      19.413839      20.445471      23.086117      20.763927      19.751789      21.582674      22.277512      21.566095      19.157595      22.488344      23.715244      20.423580      20.364325      23.915359      23.512634      20.598749      22.463959      25.574165      24.125517      21.847996      23.502625      21.186398      17.986225      15.608427      14.456621      11.383212      11.899574       9.545184      11.163235      10.846699       9.339355       6.296618       3.801928       0.000000       3.818231       6.282768       8.289248      10.508549      12.355140      15.290885      16.094461      12.851318      12.718845      10.093514      12.024336      11.080550      14.260086      16.580198      18.837454      21.048231      18.430199      19.280144      16.886976      16.158197      14.815961      15.646623      14.176374      13.611730      13.447812      10.680145
      24.463535      22.934530      19.265043      19.733864      21.719822      23.033281      25.836143      23.717533      23.010387      25.071115      25.602051      24.882473      22.235985      25.330961      26.564541      23.189421      22.747372      26.179483      25.748579      22.526125      24.062807      27.204781      25.542793      22.899483      24.377483      21.642708      18.893299      16.531893      16.234135      13.512719      14.819435      12.928942      14.860004      14.661324      12.958480       9.897510       6.848451       3.818231       0.000000       3.828465       5.857546       9.107535      11.499744      14.874825      16.121365      13.479823      14.330585      12.485788      15.064526      14.651344      17.933081      20.371565      22.568438      24.735964      21.990986      22.863541      20.350067      19.765213      18.128023      18.477489      16.741949      15.420014      14.461054      11.018667
      22.286644      20.938137      17.253139      18.130280      20.663040      22.007589      25.095371      23.468100      22.991367      25.534603      26.113157      25.866341      23.310751      26.318087      27.099945      23.458607      23.136051      26.320402      25.406462      22.030647      23.705896      26.547358      24.427122      21.826864      23.622850      20.976698      18.435528      16.741549      16.822830      14.797544      16.511822      15.048179      17.077272      16.329245      14.841532      12.387292       9.218684       6.282768       3.828465       0.000000       3.837188       6.574588       9.865157      12.921401      14.972254      12.903437      13.960500      12.855614      15.782687      15.760584      19.394537      22.033945      24.684721      26.603483      23.730320      24.041088      21.081188      20.428234      18.162973      17.840014      16.162823      14.079947      12.875705       9.230069
      20.369053      19.504936      16.111160      17.639870      20.293024      22.252184      25.104816      23.429625      23.570612      26.165588      26.206074      25.753616      22.845755      25.432077      26.269176      22.698332      21.816502      24.811457      24.072912      20.477667      21.644798      24.557968      22.494793      19.530977      20.968834      18.018339      15.908563      14.264196      15.121200      13.668786      16.176973      15.551792      18.255461      18.060804      17.218609      14.458595      11.876713       8.289248       5.857546       3.837188       0.000000       3.846051       6.660421      10.075565      12.014565      10.511889      12.490923      12.261392      15.707755      16.584620      20.203627      23.246714      25.851641      27.375580      24.159889      24.528084      21.561457      21.571011      19.317938      18.495281      16.137737      13.699367      11.525963       7.690280
