       0.000000       3.831289       5.212402       7.271077      10.455361      13.698809      17.185160      18.001993      21.569868      20.830639      18.770834      21.928238      24.144356      21.951910      22.301407      26.011559      26.719660      24.600502      24.085699      26.899666      29.467882      28.243933      26.252613      26.488850      23.818853      26.088963      27.052811      30.419292      29.777693      31.341045      30.325647      31.410280      30.921917      27.466263      26.576208      25.904943      22.168365      22.435982      20.325123      18.316399      15.064016      15.312419      18.466282      19.080078      20.502111      24.285431      25.011517      26.195242      29.942734      32.598507      30.692680      31.689030      28.627344      29.142271      29.442429      26.415888      23.900024      25.061869      25.096493      21.699715      20.607904      17.013063      15.086497      13.750519      10.269917       8.789176       7.023712      10.504312      12.156286      10.987096      12.398873      15.309018      16.182959      16.420637      19.337667      20.130474      23.041000      21.341352      18.731264      21.551514      24.700413      27.541252      25.795002      28.268559      25.791016      27.421597      24.715126      24.151968      20.586817      18.697313      18.253613      16.857925      13.219904      14.542650      16.514383      13.862151      11.729686      15.048634      16.025131      13.080138      13.408100      17.055300      16.547722      14.370090      17.396212      20.329035      19.682400      19.681665
       3.831289       0.000000       3.806487       6.796361      10.412263      12.882083      16.483530      17.765095      21.026808      19.631012      17.753717      21.221306      22.901100      20.368818      21.175564      24.840538      25.030588      22.810387      22.784397      25.908459      28.208279      27.231979      25.690102      26.360485      24.086039      26.745243      28.144169      31.361366      30.261248      31.583742      30.307341      30.940805      30.084751      26.834656      26.474937      26.118773      22.529932      23.358154      21.726084      19.305845      16.525436      17.267294      19.985146      20.152197      20.907856      24.636671      25.875128      26.962036      30.776815      33.104565      30.834736      31.539846      28.338018      28.515873      28.982235      25.686951      23.439497      25.126472      25.104322      21.493008      21.056482      17.381660      16.204412      14.599227      11.566326       9.424474       6.929158      10.067849      11.423577       9.174404      10.238332      13.629534      14.142502      13.678368      16.785244      18.178431      21.005461      19.071899      16.982491      20.216089      23.064520      26.068758      24.491770      26.893366      24.328531      25.520658      22.593506      21.561037      17.959190      15.932359      14.975407      13.572930      10.033076      11.879458      14.104500      11.694120      10.094070      13.736112      14.883518      12.569190      13.414766      17.015017      16.740681      15.361120      18.470600      21.094893      20.680414      21.334072
       5.212402       3.806487       0.000000       3.839447       6.962022       9.397479      12.877938      13.974564      17.277971      16.046871      14.095196      17.519468      19.357166      17.045185      17.814983      21.451378      21.896255      19.949894      19.875105      22.779272      25.333490      24.563416      22.837601      23.247847      20.874411      23.472301      25.090839      28.368193      27.192215      28.726145      27.716438      28.325121      27.745398      24.535379      24.133204      23.431183      19.838234      20.531013      19.235376      17.059473      14.423991      15.887977      18.642939      19.288401      19.895454      23.479214      24.494999      25.088062      28.916393      31.131710      28.952595      29.975458      27.027018      27.597784      28.514585      25.412630      22.802546      24.584112      25.142023      21.633661      20.988043      17.193466      15.781343      13.396810      10.239908       7.136039       6.065876       9.657952       9.788327       7.594318       9.990618      12.774737      12.524612      12.777560      16.164724      17.315609      20.588629      19.285723      17.132740      20.079891      23.127834      25.753246      23.682545      25.678011      22.775112      23.941772      20.872725      20.228746      16.504158      14.110785      13.859627      12.101514       8.428041       9.463432      11.314402       8.861234       6.637444      10.148349      11.371346       9.064304       9.638613      13.272125      13.290278      12.047602      14.982216      17.600714      17.540209      18.365595
       7.271077       6.796361       3.839447       0.000000       3.790994       6.593241      10.243820      11.837991      15.096665      14.228274      12.950688      16.367477      18.317774      16.621500      17.728554      21.130037      21.821365      20.507320      20.635361      23.151546      26.038368      25.673399      23.747272      23.687042      21.075291      23.330660      25.107140      28.560232      27.483122      29.423317      28.861147      29.479610      29.255203      26.148172      25.653357      24.456722      20.882099      21.107744      20.029305      18.457487      15.771425      17.590635      20.606373      21.805702      22.542805      25.993952      26.660166      26.844893      30.619696      32.818520      30.847782      32.206055      29.515673      30.398836      31.575407      28.623899      25.817175      27.551554      28.409683      25.006742      24.131098      20.341789      18.580427      15.892420      12.537405       9.123984       9.349515      13.035222      12.539232      10.509315      13.401230      15.859633      14.963234      15.422085      19.003305      20.195444      23.656059      22.618612      20.590691      23.413679      26.489262      28.919758      26.593109      28.261515      25.107841      26.111309      22.867102      22.350433      18.577785      15.672455      15.578189      13.063164       9.518785       8.984858      11.218437       9.711085       6.269305       8.892308      11.141529       9.324445       8.366080      12.191943      13.197311      11.722343      13.865927      16.872810      17.544125      18.089958
      10.455361      10.412263       6.962022       3.790994       0.000000       3.760046       6.951762       8.323791      11.652646      11.367044      10.304861      13.424499      15.659157      14.587117      15.617743      18.776257      19.885948      19.103550      19.151878      21.183777      24.365870      24.277903      22.125767      21.615223      18.865543      20.826834      22.790339      26.291613      25.237759      27.481356      27.331491      27.967850      28.134935      25.154154      24.552465      22.907175      19.463301      19.344049      18.677378      17.644941      15.251206      17.626835      20.569584      22.246363      22.908539      26.085838      26.428120      26.096113      29.759094      31.834967      30.071484      31.774323      29.430023      30.705503      32.241375      29.557959      26.495958      28.194740      29.526384      26.324060      25.238386      21.523010      19.579824      16.463892      13.313604       9.737990      11.259001      14.691091      13.347750      11.834905      15.268903      17.028379      15.580284      16.656570      20.190521      21.072361      24.750929      24.259989      22.222088      24.682119      27.843330      29.885317      27.182816      28.427361      25.060684      26.032297      22.790998      22.712746      19.043455      15.983781      16.583828      13.928024      10.861196       9.196012      10.637594       9.647438       5.828755       6.818207       9.347245       7.982326       5.657458       9.292300      11.073086       9.713938      11.042065      14.107415      15.419614      15.968481
      13.698809      12.882083       9.397479       6.593241       3.760046       0.000000       3.742500       6.354264       8.911879       8.038080       7.866832      11.177052      12.820883      12.011807      13.728404      16.507936      17.347712      17.068905      17.687719      19.582396      22.707851      23.174788      21.341711      20.917723      18.560234      20.630123      23.108629      26.413471      24.954550      27.158638      27.083502      27.283125      27.410316      24.780130      24.606226      22.951899      19.842852      20.007614      20.038897      19.022863      17.240391      20.077063      22.634802      24.217402      24.381374      27.299509      27.820477      27.105743      30.692410      32.389687      30.486063      32.165268      29.978991      31.240507      33.133503      30.462099      27.476500      29.508165      31.068661      27.883705      27.114008      23.444557      21.883078      18.496532      15.803719      12.040765      13.603500      16.593834      14.612516      12.758145      16.231888      17.689445      15.477185      16.430435      19.995062      21.123898      24.822458      24.598455      23.017815      25.453596      28.381247      30.227728      27.424631      28.253170      24.682722      25.178787      21.751293      21.593227      18.049767      14.658837      15.396441      12.425776      10.108973       7.335554       8.408368       8.707885       5.299902       4.451793       7.949015       8.247459       5.898206       8.528445      11.215730      11.022614      11.705311      14.151987      16.105705      17.242620
      17.185160      16.483530      12.877938      10.243820       6.951762       3.742500       0.000000       3.785261       5.337946       5.080267       5.995206       8.573149      10.148721      10.336909      12.125457      14.292136      15.448590      15.933278      16.640200      17.914240      21.190359      22.095345      20.245296      19.470831      17.272514      19.045235      21.826426      24.980083      23.401058      25.783035      26.081600      26.129921      26.576244      24.249071      24.142296      22.176361      19.443571      19.445084      20.080612      19.511570      18.260712      21.463663      23.736919      25.554670      25.507607      28.063393      28.393654      27.183233      30.568563      31.998674      30.247036      32.153282      30.334299      31.868170      34.102230      31.687119      28.599009      30.651945      32.589867      29.614204      28.800503      25.285706      23.759008      20.158813      17.860998      14.248969      16.359903      18.979877      16.466341      15.024431      18.602455      19.453745      16.821953      18.154526      21.487001      22.373281      26.110682      26.371037      24.919552      27.013050      29.879082      31.338272      28.282272      28.639406      24.944227      25.267542      21.923798      22.138422      18.898914      15.564883      16.874882      14.056196      12.519899       9.335250       9.204245      10.241260       7.744101       4.898954       7.842657       9.242675       6.536430       7.395643      10.888667      11.393595      11.000290      12.857959      15.513871      16.861126
      18.001993      17.765095      13.974564      11.837991       8.323791       6.354264       3.785261       0.000000       3.798907       5.413352       4.692831       6.033308       8.802155       9.455851      10.092027      12.247940      14.223482      14.737411      14.702061      15.471775      19.023670      19.714710      17.463655      16.240459      13.824514      15.349412      18.120579      21.273384      19.812702      22.372040      22.941713      23.244442      24.076723      21.710005      21.281143      18.990393      16.374603      16.072342      16.971598      16.811302      15.931808      19.348671      21.373280      23.467171      23.437958      25.717705      25.725367      24.218475      27.453852      28.865694      27.360907      29.537582      28.007915      29.891718      32.249916      30.163486      26.874838      28.694105      30.949015      28.253445      27.171951      23.860683      22.203094      18.508438      16.596508      13.377074      16.169653      18.410845      15.578300      15.000266      18.712503      18.914522      16.415413      18.471647      21.457043      21.706625      25.499678      26.201542      24.469879      26.079456      29.090155      30.195297      26.884193      27.047293      23.395041      24.057266      21.043646      21.897741      18.885227      16.029877      18.057352      15.845250      14.350480      11.736061      10.619777      10.856016       8.889293       5.849103       6.875972       8.022022       5.177273       4.272214       8.035825       8.853490       7.766282       9.201813      12.129548      13.583560
      21.569868      21.026808      17.277971      15.096665      11.652646       8.911879       5.337946       3.798907       0.000000       3.812310       5.277710       5.032650       6.724058       8.715417       9.857242      10.874281      12.780272      14.261619      14.742066      14.917658      18.342787      19.719126      17.828001      16.537647      14.718901      16.015772      19.172461      21.945127      20.176708      22.706966      23.515480      23.395224      24.336485      22.471001      22.405867      20.071985      18.034517      17.873507      19.400400      19.411016      19.049227      22.614105      24.315247      26.348619      25.978170      27.927584      27.987295      26.109404      29.115736      30.123018      28.626448      30.823189      29.579752      31.502167      34.160591      32.197056      29.006142      31.001789      33.452896      30.864544      29.985302      26.800903      25.396605      21.640747      20.051397      16.865107      19.556034      21.537338      18.445658      17.741041      21.310898      21.252089      18.325417      20.264185      23.077150      23.420918      27.106319      28.084362      26.721775      28.203672      30.973925      31.818155      28.443020      28.150225      24.423950      24.646059      21.652628      22.559544      19.898533      17.029457      19.185905      16.974625      16.218704      13.220661      11.652565      12.848431      11.546833       7.940631       8.806108      11.035733       8.807789       6.962942      10.599829      12.150916      10.529698      10.948184      14.289776      16.032965
      20.830639      19.631012      16.046871      14.228274      11.367044       8.038080       5.080267       5.413352       3.812310       0.000000       3.855662       5.465049       5.447518       6.316749       8.782356      10.081137      10.896987      12.140837      13.432563      14.354558      17.371227      18.937183      17.641331      17.158358      15.837708      17.848900      21.183403      23.802212      21.604214      23.650822      23.902145      23.334599      23.688869      21.929344      22.413658      20.639761      18.583797      19.162312      20.679272      19.993145      19.679859      23.238487      24.811295      26.357403      25.626347      27.686668      28.267223      26.624933      29.786915      30.634760      28.707397      30.496832      28.968821      30.483685      33.142776      30.904915      27.976711      30.343626      32.587490      29.805639      29.375601      26.108648      25.141819      21.395905      19.889585      16.449499      18.569126      20.383223      17.263416      15.955379      19.279425      19.381464      16.130671      17.587294      20.465622      21.263996      24.846472      25.663174      24.700081      26.447821      28.966843      29.977036      26.810740      26.552582      22.770477      22.574821      19.301407      19.740232      17.044775      13.936682      15.867851      13.590878      13.334918      10.256932       8.402472      10.360383       9.694320       5.993578       7.266709      10.345529       9.038757       7.924737      11.218458      13.236598      12.631463      13.030245      15.863259      18.088348
      18.770834      17.753717      14.095196      12.950688      10.304861       7.866832       5.995206       4.692831       5.277710       3.855662       0.000000       3.843548       5.482547       4.888393       6.141655       8.656875       9.967818      10.200416      10.684649      11.998700      15.215306      16.158768      14.550877      14.195622      12.681643      15.094373      18.317799      21.004925      18.810368      20.728470      20.735590      20.417046      20.730036      18.630322      18.914818      17.225281      14.943566      15.724188      17.155365      16.233749      16.064575      19.670708      21.064775      22.542761      21.783533      23.855801      24.445688      22.905771      26.159304      27.135136      25.163004      26.950476      25.331043      26.914686      29.498848      27.320791      24.285168      26.553057      28.843576      26.133051      25.608086      22.404213      21.468048      17.703514      16.465414      13.234143      15.576678      17.068628      13.780784      12.969419      16.380659      16.128754      13.077181      15.094166      17.816429      18.171436      21.856892      22.815840      21.537748      23.073250      25.767761      26.721510      23.456234      23.353207      19.606228      19.848854      16.717928      17.532085      14.743174      12.010135      14.466166      12.780168      12.143087       9.913905       7.442109       8.056170       7.831667       4.418164       3.786548       6.931747       6.456497       4.885010       7.618388      10.077231      10.071376      10.249394      12.583354      15.121782
      21.928238      21.221306      17.519468      16.367477      13.424499      11.177052       8.573149       6.033308       5.032650       5.465049       3.843548       0.000000       3.814811       5.391457       5.069229       6.311615       8.816535       9.964572       9.893992       9.930540      13.436662      14.691983      12.878031      11.886807      10.639268      12.582377      16.084185      18.472055      16.169092      18.279737      18.796328      18.452986      19.315231      17.565750      17.737040      15.631695      13.971407      14.472592      16.590101      16.285007      16.769363      20.524113      21.518997      23.247038      22.366846      23.925461      24.175219      22.093994      24.999235      25.686293      24.014969      26.113716      25.016502      26.985407      29.850704      28.102682      24.964914      27.052450      29.735117      27.390560      26.701511      23.810917      22.852102      19.081429      18.322199      15.562508      18.326698      19.451519      15.953272      15.840370      19.159048      18.284431      15.289800      17.743273      19.983107      19.806395      23.377476      24.861034      23.557219      24.552475      27.199873      27.651058      24.145590      23.548237      19.861822      20.154322      17.468275      18.931530      16.694971      14.516093      17.422720      16.148548      15.823632      13.687368      10.932111      11.466285      11.529214       8.215862       6.754354       9.424338       8.863620       5.680156       8.046881      10.962807       9.925463       8.876887      11.684831      14.403071
      24.144356      22.901100      19.357166      18.317774      15.659157      12.820883      10.148721       8.802155       6.724058       5.447518       5.482547       3.814811       0.000000       3.746443       5.231949       4.893505       6.128275       8.329750       9.564427       9.631465      12.468947      14.564397      13.701077      13.412545      13.147014      15.281787      18.971916      20.903275      18.149998      19.775499      20.027735      18.962717      19.412640      18.245237      19.154551      17.538134      16.365286      17.437531      19.804579      19.159966      19.888969      23.635782      24.391066      25.734577      24.413101      25.799389      26.450390      24.330517      27.123657      27.383413      25.428513      27.195021      26.127174      27.790674      30.850023      29.019915      26.192602      28.641844      31.278988      28.901436      28.670271      25.840988      25.334929      21.600245      21.031347      18.136068      20.438669      21.331490      17.759918      17.159527      20.136274      19.211870      15.781695      17.751766      19.811039      20.011915      23.346485      24.925457      24.198744      25.262657      27.507250      27.858908      24.503607      23.560503      19.839655      19.417210      16.607510      17.785578      15.932948      13.732764      16.565102      15.409928      15.945860      13.699926      10.583145      12.094957      12.883741       9.505789       8.390021      11.836569      11.765831       9.148863      11.304189      14.448974      13.712890      12.545301      15.127778      18.075445
      21.951910      20.368818      17.045185      16.621500      14.587117      12.011807      10.336909       9.455851       8.715417       6.316749       4.888393       5.391457       3.746443       0.000000       3.835344       5.469896       5.344416       5.825966       7.537953       9.085836      11.576270      13.215702      12.682242      13.273372      13.115342      15.966734      19.509893      21.496281      18.609320      19.794239      19.362295      18.190546      18.001240      16.570755      17.779884      16.750376      15.279434      16.981560      19.044558      17.706722      18.379854      22.010574      22.671684      23.576824      22.040298      23.625778      24.716305      22.989553      26.016731      26.353886      24.012375      25.399719      23.921898      25.223696      28.148853      26.047264      23.381809      26.067291      28.468933      25.921204      25.989298      23.101038      22.929037      19.276758      18.843021      15.933721      17.786289      18.392298      14.841555      13.987551      16.712803      15.788038      12.223837      14.049399      16.102175      16.493515      19.833782      21.269306      20.672146      21.916103      24.084309      24.652262      21.450600      20.765192      16.990868      16.501627      13.391258      14.295428      12.231484      10.016813      12.997326      12.214393      12.936225      11.301662       7.729475       8.991526      10.633763       7.913248       6.162001       9.833449      10.808036       8.916611      10.351578      13.661297      13.933151      13.036576      14.893161      18.095118
      22.301407      21.175564      17.814983      17.728554      15.617743      13.728404      12.125457      10.092027       9.857242       8.782356       6.141655       5.069229       5.231949       3.835344       0.000000       3.785000       5.605870       5.329687       4.886165       5.939761       9.092534      10.178746       9.056025       9.452724       9.455121      12.464641      15.994090      17.806997      14.850491      15.993939      15.632679      14.711953      14.907165      13.298848      14.209651      12.980042      11.748652      13.543964      15.953666      14.803796      16.049103      19.736012      19.982128      21.009563      19.406687      20.652040      21.488235      19.488426      22.380013      22.670465      20.492102      22.135992      20.929482      22.620270      25.659027      23.925606      21.043646      23.465052      26.184614      23.962540      23.769783      21.161312      20.948374      17.328138      17.433918      15.101893      17.393061      17.538612      13.814472      13.972942      16.681723      15.059376      11.927785      14.594611      16.140190      15.639888      18.987125      20.885201      19.886177      20.531227      22.882038      23.054914      19.562763      18.705263      15.004098      15.128597      12.595253      14.442464      12.718849      11.405526      14.882185      14.700737      15.002038      13.915530      10.370026      10.335235      12.002568       9.642473       6.603839       9.382483      10.785341       8.070900       8.367942      12.103755      12.306516      10.579459      12.011789      15.504334
      26.011559      24.840538      21.451378      21.130037      18.776257      16.507936      14.292136      12.247940      10.874281      10.081137       8.656875       6.311615       4.893505       5.469896       3.785000       0.000000       3.782278       5.796627       5.982689       4.930964       7.710929      10.005422       9.533977       9.704906      10.663095      13.059120      16.795515      18.028305      14.782846      15.779516      15.802979      14.336623      14.821933      14.098412      15.357467      14.069028      13.764463      15.420025      18.347168      17.617411      19.240044      22.940420      22.916508      23.978378      22.172712      22.928873      23.658890      21.240158      23.693119      23.472748      21.460087      23.156178      22.466364      24.261471      27.582031      26.164225      23.444258      25.862846      28.790089      26.836233      26.743458      24.394556      24.310268      20.760509      21.067751      18.839792      21.175482      21.215475      17.477846      17.647732      20.183483      18.367355      15.159209      17.620783      18.819006      18.276340      21.296618      23.523401      22.858929      23.211636      25.246038      24.998419      21.504539      20.038919      16.499054      16.139330      14.016479      16.056194      15.023986      13.969834      17.412764      17.301292      18.094662      16.714430      13.103730      13.735538      15.392835      12.639725      10.120430      13.068710      14.031356      10.928812      11.570118      15.266629      14.801593      12.546783      14.319182      17.768061
      26.719660      25.030588      21.896255      21.821365      19.885948      17.347712      15.448590      14.223482      12.780272      10.896987       9.967818       8.816535       6.128275       5.344416       5.605870       3.782278       0.000000       3.840970       6.287222       6.618572       7.767465      10.578954      11.308701      12.510550      13.843404      16.562126      20.224762      21.315498      17.890326      18.342373      17.771471      15.707142      15.333957      15.007015      17.009569      16.459723      16.187725      18.369633      21.113541      19.843235      21.388550      24.989735      24.898544      25.485886      23.336653      24.141514      25.407177      23.274101      25.780287      25.342184      22.916330      24.069370      23.128744      24.386797      27.723932      26.052782      23.732723      26.552032      29.230104      27.131128      27.555912      25.195675      25.564148      22.113806      22.466341      20.071798      21.840874      21.691475      18.041220      17.647478      19.744713      18.021297      14.512356      16.335386      17.331730      17.294489      20.024273      22.180195      22.118586      22.680435      24.284782      24.118206      20.928404      19.346460      15.813773      14.638744      12.240837      13.755938      13.105527      12.157620      15.411366      15.611571      17.136995      15.976992      12.229676      13.416994      15.706142      13.237748      11.036047      14.361908      15.747004      13.274181      13.964980      17.670073      17.716061      15.836032      17.378922      20.922173
      24.600502      22.810387      19.949894      20.507320      19.103550      17.068905      15.933278      14.737411      14.261619      12.140837      10.200416       9.964572       8.329750       5.825966       5.329687       5.796627       3.840970       0.000000       3.791214       6.268208       7.031602       8.748339       9.717266      11.803053      13.128457      16.404057      19.792004      20.955233      17.543100      17.601646      16.335554      14.348677      13.326057      12.557364      14.785579      14.845469      14.317043      17.049095      19.474804      17.627836      19.227335      22.632854      22.342678      22.519854      20.160593      21.070656      22.706371      20.951847      23.656334      23.350325      20.585821      21.404581      20.062275      21.042894      24.256481      22.395870      20.173225      23.151060      25.665873      23.495541      24.139536      21.833189      22.525091      19.246490      19.900768      17.767374      19.185455      18.581068      15.009419      14.749756      16.464764      14.462337      11.055351      13.008551      13.686337      13.470078      16.207830      18.411560      18.339548      18.861794      20.459352      20.401752      17.251036      15.916293      12.280978      11.240642       8.595987      10.311803       9.648155       9.319422      12.886080      13.773869      15.234572      14.894772      11.061303      11.417850      14.319696      12.659451       9.869494      12.719012      14.949230      12.966061      12.809084      16.507957      17.332306      15.610146      16.402561      20.082243
      24.085699      22.784397      19.875105      20.635361      19.151878      17.687719      16.640200      14.702061      14.742066      13.432563      10.684649       9.893992       9.564427       7.537953       4.886165       5.982689       6.287222       3.791214       0.000000       3.865953       5.464085       5.853138       6.039740       8.324262       9.840504      13.253709      16.432301      17.479120      14.098747      14.067389      12.732033      11.135757      10.509244       9.221938      11.099173      11.061159      10.712702      13.606645      16.193670      14.463146      16.522007      19.891273      19.258093      19.562933      17.211826      17.860813      19.227304      17.271776      19.926172      19.693882      17.063049      18.199520      17.041109      18.500845      21.777121      20.257481      17.702530      20.356754      23.180941      21.295334      21.581465      19.506279      20.076744      16.860884      17.959305      16.375490      18.182188      17.257648      13.615452      14.318658      16.119066      13.578438      10.786612      13.607615      13.993848      12.798624      15.646577      18.185684      17.495955      17.456057      19.401318      19.037457      15.521947      14.175834      10.571576      10.624135       8.750576      11.465903      10.814185      11.053609      14.832877      15.863596      16.630974      16.549994      12.842793      12.182832      14.812986      13.366007       9.878648      11.876085      14.328836      11.993317      10.903644      14.658726      15.523410      13.340356      13.558125      17.337599
      26.899666      25.908459      22.779272      23.151546      21.183777      19.582396      17.914240      15.471775      14.917658      14.354558      11.998700       9.930540       9.631465       9.085836       5.939761       4.930964       6.618572       6.268208       3.865953       0.000000       3.816578       5.239542       5.015221       6.273602       8.665996      11.391419      14.757022      15.302241      11.692727      11.772793      11.216233       9.469276       9.955187       9.418933      10.957688      10.228897      10.851015      13.201837      16.409834      15.492631      17.925129      21.372463      20.556683      21.269102      19.049885      19.170366      19.976545      17.389116      19.539408      18.944742      16.818241      18.438723      18.059002      20.034149      23.515226      22.540894      19.895561      22.163507      25.334127      23.845882      23.816097      22.013063      22.322681      19.118546      20.300703      18.885786      21.153387      20.362717      16.699394      17.727293      19.744354      17.133604      14.536469      17.459702      17.787767      16.342424      18.987904      21.765209      20.976259      20.550781      22.459776      21.645607      18.019318      16.187187      12.959355      13.100202      11.970387      14.931141      14.613442      14.761148      18.511843      19.273108      19.983103      19.440697      15.734923      15.367099      17.512453      15.505459      12.154266      14.174687      15.980693      12.918428      12.047185      15.810161      15.838974      12.968644      13.523314      17.230066
      29.467882      28.208279      25.333490      26.038368      24.365870      22.707851      21.190359      19.023670      18.342787      17.371227      15.215306      13.436662      12.468947      11.576270       9.092534       7.710929       7.767465       7.031602       5.464085       3.816578       0.000000       3.774226       6.209448       8.641973      11.754970      14.355106      17.397690      17.292501      13.512297      12.547276      11.294083       8.441731       7.974238       8.763272      11.368668      11.727433      13.076406      15.880737      19.066622      17.842093      20.559931      23.773470      22.505630      22.687809      19.974674      19.603403      20.839481      18.331207      20.089722      18.862244      16.433178      17.452787      17.307014      18.908388      22.588097      21.825071      19.684793      22.158445      25.291700      24.074314      24.529400      23.119471      23.995226      21.098429      22.702900      21.517744      23.383171      22.102787      18.585539      19.566977      20.995064      18.065048      15.591479      18.175377      17.782784      16.217392      18.215458      21.353540      21.087914      20.280582      21.607279      20.324930      16.929371      14.463482      11.636198      11.123396      10.795134      13.969726      14.636823      15.560215      19.230675      20.579929      21.789124      21.615810      17.811281      17.543514      20.190710      18.445038      15.108747      17.172497      19.349531      16.523779      15.469700      19.218769      19.523668      16.646021      16.834427      20.565413
      28.243933      27.231979      24.563416      25.673399      24.277903      23.174788      22.095345      19.714710      19.719126      18.937183      16.158768      14.691983      14.564397      13.215702      10.178746      10.005422      10.578954       8.748339       5.853138       5.239542       3.774226       0.000000       3.802663       7.258615      10.437705      13.240048      15.745936      15.539490      11.918442      10.424048       8.337900       5.737238       4.872884       4.989664       7.804236       8.872956      10.480747      13.680984      16.659348      15.206966      18.236868      21.153744      19.480770      19.433611      16.585121      15.940981      17.232874      14.825469      16.596760      15.438793      12.800897      13.807352      13.602380      15.428020      19.092419      18.538679      16.279278      18.555632      21.807516      20.831036      21.183733      20.081329      21.101845      18.504532      20.578875      19.971571      21.776516      20.062881      16.758944      18.352896      19.512180      16.221018      14.426932      17.363243      16.608625      14.356245      16.237329      19.544296      18.887329      17.610180      19.101440      17.623995      14.051208      11.696306       9.076524       9.666623      10.028964      13.660234      14.311353      15.750928      19.452065      21.102489      21.903803      22.216070      18.566895      17.524193      20.180948      18.969053      15.296497      16.574127      19.137520      16.550180      14.667417      18.167852      18.901442      16.010384      15.360398      19.040262
      26.252613      25.690102      22.837601      23.747272      22.125767      21.341711      20.245296      17.463655      17.828001      17.641331      14.550877      12.878031      13.701077      12.682242       9.056025       9.533977      11.308701       9.717266       6.039740       5.015221       6.209448       3.802663       0.000000       3.781280       6.712053       9.612282      12.098958      12.316321       8.854136       8.178412       6.765044       5.946399       6.871337       5.156978       5.958115       5.630835       7.016766       9.958027      13.100896      12.070227      15.160488      18.202616      16.710289      17.256220      14.933856      14.563861      15.181930      12.488522      14.576472      14.078101      11.928938      13.820647      13.585625      16.045835      19.448479      18.912281      16.054039      17.858500      21.276875      20.230318      19.910463      18.603201      19.006821      16.226851      18.152090      17.677893      19.965637      18.563267      15.213677      17.231760      18.892834      15.774103      14.203131      17.599487      17.407333      15.025150      17.450752      20.447937      19.101601      17.970203      20.100313      18.965839      15.166467      13.525379      10.788288      12.273763      12.101311      15.585967      15.381820      16.259615      20.008579      21.192945      21.376806      21.480200      18.025085      16.615339      18.704115      17.442307      13.682915      14.442151      16.720203      13.962688      11.755877      15.068574      15.605962      12.559202      11.706063      15.327987
      26.488850      26.360485      23.247847      23.687042      21.615223      20.917723      19.470831      16.240459      16.537647      17.158358      14.195622      11.886807      13.412545      13.273372       9.452724       9.704906      12.510550      11.803053       8.324262       6.273602       8.641973       7.258615       3.781280       0.000000       3.810768       5.991384       8.784360       9.211838       5.787190       6.597516       7.043131       7.576983       9.856778       8.215947       7.388874       4.909707       6.294310       7.841919      11.469513      11.539478      14.528011      17.700136      16.514545      17.846462      16.209673      15.937287      15.662077      12.536792      14.455073      14.334071      13.091734      15.738495      15.882031      18.790009      21.991926      21.641165      18.481016      19.769791      23.296106      22.314564      21.394020      19.981283      19.694468      16.777611      18.334862      17.848085      20.684841      19.795469      16.456467      18.618256      20.794760      18.003351      16.458153      20.008919      20.313992      18.044022      20.741682      23.513437      21.805834      20.824251      23.271502      22.278664      18.440151      17.048662      14.395073      16.021700      15.587298      18.896641      18.235210      18.526180      22.246134      22.892456      22.687397      22.321075      19.044003      17.699421      19.093643      17.459839      13.913374      14.455353      15.987470      12.797803      10.772141      13.795976      13.541550      10.055462       9.500791      12.881753
