       0.000000       3.813715       7.070245      10.201998      10.985158      10.887975      12.548802      15.070397      15.673793      16.010193      18.451870      20.345383      21.139648      22.819862      24.722366      28.116423      29.631872      28.704147      28.043789      30.628908      30.266130      29.058187      26.460205      25.177084      25.539846      23.523872      20.654831      21.279047      21.885145      18.871893      16.451826      18.141262      17.863359      14.234068      13.482133      16.638550      18.167183      21.887268      23.964340      24.716862      26.251932      29.405699      31.719839      33.610336      37.045883      38.661911      38.115746      36.396362      37.369270      34.072056      31.735834      32.661781      31.166767      27.634663      28.148121      29.559660      27.103315      24.147352      26.409653      27.141430      23.644110      23.750231      22.115610      20.416904      17.614794      14.702111      12.858476      16.137651      16.315996      13.201087      14.529317      17.929647      17.124090      15.916921      18.352327      21.029623      20.138721      21.288168      24.768290      24.190308      22.746675      25.996256      28.305300      27.112261      24.286589      23.866060
       3.813715       0.000000       3.867923       6.862731       7.198447       7.566872       9.365526      11.463264      12.196936      12.997774      15.254055      16.856800      17.901852      19.783802      21.459171      24.935596      26.230356      25.230211      24.381237      26.908300      26.599527      25.319096      22.674610      21.506832      21.916878      19.826384      16.940052      17.800133      18.524046      15.440950      13.055766      15.175960      15.058539      11.353267      11.013151      14.562028      16.009022      19.676754      21.504484      22.667717      23.993616      26.965549      28.991720      30.807314      34.340748      35.877373      35.108921      33.296329      34.063026      30.699883      28.518381      29.457050      27.766794      24.287285      25.062208      26.388380      23.744553      20.989161      23.514273      24.101562      20.724310      21.228893      19.910326      17.899530      15.420199      12.283562      10.356524      13.267019      13.082314       9.706446      11.173626      14.399122      13.367445      12.175637      14.795129      17.302999      16.370485      17.695234      21.087263      20.508183      19.260693      22.547035      24.735964      23.630289      20.998655      20.890577
       7.070245       3.867923       0.000000       3.845573       5.347204       7.353378       7.974569       9.363921      11.190866      12.379030      13.740868      15.224295      17.043943      18.763258      19.797445      23.156401      24.369137      23.654011      22.471104      25.007338      25.068197      23.492441      20.595512      20.012768      20.604670      18.126928      15.398496      17.043249      17.868748      14.531045      12.658866      15.528568      15.358970      11.656208      12.316109      16.120806      17.155081      20.573505      22.243231      23.960159      25.116880      27.766155      29.364214      31.105209      34.755394      36.161198      35.027100      33.083866      33.436897      29.951288      28.139496      29.059940      26.944708      23.674089      24.907843      25.912205      22.873150      20.613743      23.424717      23.506062      20.266787      21.448885      20.253397      17.632290      15.268390      12.501288       9.872912      11.905162      11.996819       8.257478       8.627555      11.925057      11.172318       9.202175      11.458391      14.277822      13.566204      14.405171      17.950754      17.817778      16.406691      19.417133      21.876606      21.202810      18.603022      19.014069
      10.201998       6.862731       3.845573       0.000000       3.795285       5.894018       4.898411       6.071976       8.662056       9.615969      10.280998      11.957012      14.159568      15.508511      16.237741      19.481482      20.807907      20.386559      19.335236      22.127934      22.608234      21.253391      18.012293      17.559868      18.739519      16.433111      13.450198      15.497720      16.980751      13.952404      11.943969      15.244875      15.790362      12.494041      13.115388      16.854788      18.139292      21.372816      22.442072      24.347383      24.963995      27.477171      28.706285      30.051641      33.651573      34.705395      33.222866      31.449097      31.468613      27.829811      26.409132      27.662191      25.421091      22.197935      23.949768      25.075739      21.891907      20.035086      23.246317      23.322535      20.481308      22.075895      21.471769      18.736351      17.004004      14.135427      11.866608      13.024642      12.402292       8.595286       8.832064      11.281691       9.734881       7.016669       9.736745      12.079198      10.636638      11.221322      14.808854      14.414963      12.722499      15.824991      18.290987      17.513195      14.793304      15.267535
      10.985158       7.198447       5.347204       3.795285       0.000000       3.771814       4.887797       4.764646       6.108748       8.233232       9.554768      10.288971      12.076082      14.268524      15.275490      18.840961      19.650152      18.575214      17.365541      19.866032      19.840096      18.522486      15.618442      14.740944      15.545568      13.401477      10.317945      11.975671      13.336819      10.399847       8.163680      11.458758      12.139730       9.060362       9.710104      13.373960      14.621010      17.760767      18.678028      20.646587      21.245663      23.699703      24.946445      26.388763      30.023769      31.228899      29.895119      28.002029      28.213430      24.672853      23.001888      24.117043      21.995953      18.685392      20.253424      21.449497      18.396307      16.347031      19.548611      19.836145      17.044235      18.535164      18.217243      15.704790      14.439192      11.284001       9.791563      10.846910       9.377248       5.749030       7.367239       9.246078       7.018609       5.666731       9.125135      10.750610       9.301541      11.153766      14.222345      13.453789      12.695222      16.085077      17.895510      16.912289      14.782797      15.408088
      10.887975       7.566872       7.353378       5.894018       3.771814       0.000000       3.761330       5.424077       4.830967       5.705471       8.322675       9.637167      10.336787      12.411283      14.279725      17.894154      19.021269      17.847651      17.384657      20.154129      20.026550      19.413004      16.571903      14.895568      16.072239      14.741086      11.205288      11.929335      13.898956      11.698449       8.458197      11.050213      12.660528       9.966062       9.120689      12.411614      14.566070      17.868792      18.369358      19.771839      19.988457      22.800575      24.274477      25.389879      28.827202      29.831028      28.632347      27.121460      27.580109      24.028822      22.221294      23.759258      22.131048      18.537855      19.993879      21.806019      19.175819      16.816378      20.026289      20.995106      18.386484      19.371750      19.414656      17.520969      16.531027      12.929046      12.244884      13.759874      11.701824       8.532492      10.935729      12.462379       9.600467       8.812353      12.519859      13.514284      11.270253      13.346652      16.130165      14.507754      13.673377      17.389204      18.822325      17.083767      14.758987      14.495955
      12.548802       9.365526       7.974569       4.898411       4.887797       3.761330       0.000000       3.805810       5.232536       4.855332       6.004243       8.336352       9.897349      10.947982      12.282681      15.629685      17.213514      16.760910      16.457251      19.624647      20.208132      19.658688      16.318958      15.149635      17.016983      15.597281      12.047992      13.553107      15.963136      13.811836      11.002923      14.015881      15.732655      13.119148      12.747585      16.007849      18.030632      21.164690      21.447489      23.054028      22.969418      25.592953      26.706726      27.501596      30.882635      31.532261      29.932434      28.583735      28.595213      24.869768      23.597061      25.408566      23.520733      20.115265      22.116037      23.825443      20.940516      19.112972      22.575579      23.238876      20.858568      22.299482      22.444004      20.192968      19.201086      15.873527      14.639776      15.657910      13.879845      10.500491      11.858055      13.221537      10.363425       8.361381      11.858762      12.843839      10.079899      11.257944      14.270567      12.638288      11.002251      14.647958      16.452728      14.740934      11.896662      11.561568
      15.070397      11.463264       9.363921       6.071976       4.764646       5.424077       3.805810       0.000000       3.786805       5.574600       5.261234       5.948233       8.526470      10.181953      10.661465      14.147474      15.044534      14.348068      13.386842      16.334963      16.974892      16.117348      12.701111      11.953336      13.808942      12.161599       8.778039      10.968028      13.382821      11.311280       9.177837      12.610299      14.256677      12.114646      12.567021      15.700104      17.181313      19.883553      19.942553      22.049244      21.865509      24.049185      24.736280      25.550840      29.039778      29.706726      27.874525      26.270823      25.985430      22.243635      21.205244      22.833902      20.592648      17.434708      19.758547      21.127457      17.998302      16.655130      20.271763      20.569977      18.485512      20.416927      20.852455      18.364735      17.861618      14.886054      13.810154      13.932646      11.882371       9.000081      10.038452      10.450314       7.298258       5.462070       8.991712       9.290061       6.346988       8.109030      10.833639       9.304475       8.351239      12.014297      13.557653      12.242288      10.076867      10.859787
      15.673793      12.196936      11.190866       8.662056       6.108748       4.830967       5.232536       3.786805       0.000000       3.758472       5.310345       5.132065       6.010226       8.680350      10.188619      13.935946      14.553419      13.107745      12.603384      15.423555      15.466402      15.193614      12.240614      10.375018      12.161759      11.367154       7.612588       8.548059      11.407856      10.094136       7.158823       9.967010      12.401034      10.879314      10.486419      13.075124      15.017004      17.638723      17.257080      19.046265      18.549347      20.892401      21.724123      22.387074      25.786919      26.447748      24.824560      23.370853      23.430830      19.747686      18.373121      20.200409      18.416960      14.960713      17.069038      18.939758      16.245644      14.541524      18.132013      19.062336      17.174467      18.664028      19.539001      17.652042      17.624390      14.325192      14.206953      14.583187      11.771910       9.515450      11.732100      11.765033       8.090014       7.982754      11.638449      11.247697       8.279495      10.973281      12.892905      10.602471      10.538647      14.307424      14.992595      13.015763      11.377351      11.541699
      16.010193      12.997774      12.379030       9.615969       8.233232       5.705471       4.855332       5.574600       3.758472       0.000000       3.793020       5.770491       5.645625       6.838745       9.209025      12.706057      14.179309      13.321801      13.823567      17.107298      17.558256      17.889219      14.793130      12.754173      15.114189      14.782396      11.042517      11.624702      14.782502      13.762828      10.574721      12.864430      15.606510      13.985174      12.867435      15.263819      17.763895      20.540775      19.980877      21.289804      20.463490      23.054459      23.983932      24.221104      27.343586      27.621988      25.950956      25.002586      25.060432      21.341635      20.172726      22.479521      21.038414      17.553967      19.698400      21.941679      19.509565      17.787647      21.322411      22.546803      20.738373      21.977718      22.873791      21.173386      20.959671      17.469898      17.220343      17.990313      15.347267      12.771929      14.855844      15.263196      11.686584      10.872025      14.486253      14.249183      10.849797      12.763268      14.757326      12.028995      11.150023      14.954065      15.694199      13.088707      10.775623       9.708642
      18.451870      15.254055      13.740868      10.280998       9.554768       8.322675       6.004243       5.261234       5.310345       3.793020       0.000000       3.721886       5.484752       5.369608       6.302278       9.695067      11.354268      11.233594      11.642944      15.229464      16.446629      16.726454      13.214122      11.920192      14.864511      14.404243      10.955405      12.435682      15.751019      14.779022      12.296069      15.030225      17.617699      16.112991      15.706155      18.199331      20.289757      22.794405      22.081654      23.794693      22.800074      24.989775      25.419342      25.436550      28.540796      28.539537      26.406204      25.462996      24.949448      21.114664      20.593374      22.983816      21.149906      18.043064      20.744902      22.664597      19.944712      18.902481      22.623083      23.395844      21.886292      23.664253      24.685957      22.611784      22.540144      19.385704      18.784639      18.929504      16.458338      13.953921      15.236715      15.167636      11.704360      10.312145      13.413926      12.752947       8.981236      10.185046      11.893922       9.000412       7.685019      11.393448      12.169517       9.570811       6.997802       6.344768
      20.345383      16.856800      15.224295      11.957012      10.288971       9.637167       8.336352       5.948233       5.132065       5.770491       3.721886       0.000000       3.822966       5.380009       5.404123       9.110505       9.499962       8.503714       8.281754      11.685765      12.749861      13.047894       9.629601       8.233660      11.345035      11.193177       7.987819       9.558351      12.996107      12.570370      10.659783      13.272635      15.941175      15.119576      15.114268      17.228764      18.924337      20.944464      19.886267      21.908875      20.736767      22.509600      22.555611      22.528648      25.692612      25.721632      23.435345      22.270542      21.573227      17.726076      17.351662      19.637978      17.628214      14.713298      17.677135      19.428869      16.697502      16.080034      19.845680      20.499748      19.411409      21.424788      22.836447      20.833439      21.329365      18.453171      18.292444      17.854734      15.032044      13.293058      14.648079      13.697557      10.089973       9.693411      12.506549      10.904716       7.173771       9.309114      10.058832       6.775651       7.118964      10.653298      10.543245       8.079374       7.061894       7.756885
      21.139648      17.901852      17.043943      14.159568      12.076082      10.336787       9.897349       8.526470       6.010226       5.645625       5.484752       3.822966       0.000000       3.894576       6.063114       9.555210       9.907475       8.158197       9.145599      12.305575      12.749004      13.945877      11.243118       8.620075      11.644963      12.513444       9.281409       9.305627      13.043853      13.393187      10.938167      12.598459      15.896958      15.561502      14.718274      16.165649      18.351269      20.268074      18.745316      20.245100      18.609764      20.566458      20.758711      20.358173      23.280687      23.117035      21.018654      20.256144      19.938595      16.169035      15.529098      18.247532      16.928696      13.769780      16.459930      18.839890      16.733091      15.783727      19.375366      20.712271      19.832006      21.309074      23.059847      21.651178      22.407103      19.272724      19.731073      19.665735      16.451828      14.993827      17.078293      16.203173      12.410347      12.692375      15.794967      14.163404      10.663924      13.108366      13.611025      10.128996      10.735832      14.099099      13.429678      10.390498       9.711536       9.188170
      22.819862      19.783802      18.763258      15.508511      14.268524      12.411283      10.947982      10.181953       8.680350       6.838745       5.369608       5.380009       3.894576       0.000000       3.791422       6.669088       8.256631       7.934627      10.020416      13.608725      14.900505      16.416222      13.458335      11.430016      14.886019      15.732394      12.652227      13.097731      16.840553      17.060808      14.622651      16.437443      19.696678      19.086689      18.165340      19.762693      22.114252      24.133484      22.587969      23.947090      22.134802      24.084677      24.145000      23.357002      25.982845      25.346684      22.986736      22.693277      22.042383      18.304913      18.252687      21.271791      20.013027      17.140114      20.004734      22.382013      20.287846      19.590202      23.189205      24.438757      23.623100      25.190910      26.884054      25.337938      25.903301      22.729631      22.829449      22.816654      19.832800      17.995331      19.693892      19.000887      15.312973      14.820020      17.741144      16.198215      12.405912      13.899215      14.325566      10.652222      10.403398      13.429116      12.741834       9.151605       7.970266       6.243421
      24.722366      21.459171      19.797445      16.237741      15.275490      14.279725      12.282681      10.661465      10.188619       9.209025       6.302278       5.404123       6.063114       3.791422       0.000000       3.763622       5.206326       6.054454       7.796339      11.584303      13.724265      15.026708      11.799085      10.775112      14.529198      15.145429      12.584341      13.842175      17.444988      17.607985      15.851808      18.070831      21.018623      20.451954      20.189068      21.985065      23.884758      25.681087      24.145575      25.950962      24.188734      25.726910      25.340219      24.530064      27.200029      26.455015      23.694687      23.224121      21.980349      18.210123      18.789183      21.647932      19.909565      17.519838      20.809431      22.706005      20.316193      20.260153      23.945404      24.675980      24.102999      26.159311      27.884722      25.993134      26.669323      23.840652      23.663290      23.111427      20.332415      18.643850      19.705399      18.583693      15.181910      14.440450      16.720827      14.766653      11.055162      11.916750      11.664936       7.964111       7.866874      10.257527       9.149722       5.433071       4.996590       4.621613
      28.116423      24.935596      23.156401      19.481482      18.840961      17.894154      15.629685      14.147474      13.935946      12.706057       9.695067       9.110505       9.555210       6.669088       3.763622       0.000000       3.726635       6.631443       9.063050      12.497833      15.229004      16.893036      13.914370      13.348197      17.181862      18.030602      15.878134      17.148890      20.705780      21.078142      19.520775      21.650558      24.625538      24.170282      23.930534      25.624136      27.513662      29.159103      27.424740      29.201504      27.193319      28.515429      27.829136      26.629101      28.988583      27.802229      24.750572      24.651737      23.002756      19.422031      20.630146      23.653807      22.001041      20.043085      23.476305      25.301054      23.055227      23.377316      26.993279      27.641668      27.356636      29.516739      31.380419      29.475599      30.250654      27.520411      27.281521      26.575308      23.870955      22.240757      23.055164      21.790567      18.568710      17.674755      19.570889      17.447916      13.930559      14.129997      13.295168       9.896902       9.663934      10.852506       9.142338       5.484904       5.999804       5.366954
      29.631872      26.230356      24.369137      20.807907      19.650152      19.021269      17.213514      15.044534      14.553419      14.179309      11.354268       9.499962       9.907475       8.256631       5.206326       3.726635       0.000000       3.791435       6.147543       9.129447      12.084035      14.000127      11.480700      11.169414      14.921676      16.154316      14.646012      15.814969      19.168173      20.010883      19.000013      20.900974      23.793657      23.843357      23.894165      25.283966      26.817612      28.018999      26.028715      28.011984      25.877382      26.747131      25.648251      24.337841      26.645319      25.415962      22.152077      21.901573      19.919415      16.424234      18.046968      20.944937      19.189085      17.697746      21.289337      22.862818      20.751842      21.574631      25.054728      25.549881      25.712481      28.020401      30.167017      28.362804      29.561049      27.119492      27.178373      26.064322      23.223824      22.169395      22.972363      21.140438      18.053192      17.783995      19.355225      16.647882      13.525258      14.157029      12.457167       9.114355      10.252355      11.028052       8.252575       5.133888       7.677636       8.477573
      28.704147      25.230211      23.654011      20.386559      18.575214      17.847651      16.760910      14.348068      13.107745      13.321801      11.233594       8.503714       8.158197       7.934627       6.054454       6.631443       3.791435       0.000000       3.868842       6.687482       8.877939      11.249249       9.214104       8.060748      11.724253      13.528109      12.172572      12.739769      16.054041      17.382793      16.485899      17.952194      20.941999      21.443787      21.426580      22.425991      23.851215      24.784689      22.572670      24.527845      22.292149      23.020416      21.863001      20.567116      22.958191      21.907000      18.746033      18.296385      16.522139      12.892944      14.293170      17.221382      15.608694      14.039284      17.589251      19.295090      17.424519      18.231789      21.602591      22.322268      22.679897      24.818464      27.196060      25.693056      27.202635      24.801348      25.314095      24.175392      21.051180      20.443455      21.663982      19.601278      16.387323      16.880501      18.668564      15.740129      12.794094      14.407080      12.714622       9.236259      11.277804      12.720760       9.982909       7.209970       9.610659      10.470103
      28.043789      24.381237      22.471104      19.335236      17.365541      17.384657      16.457251      13.386842      12.603384      13.823567      11.642944       8.281754       9.145599      10.020416       7.796339       9.063050       6.147543       3.868842       0.000000       3.824497       6.484937       7.890048       5.543439       5.591037       9.081078      10.431159       9.768042      11.031911      13.883307      15.056963      14.908419      16.659620      19.145363      19.725903      20.363615      21.531406      22.402405      23.142796      21.177681      23.622807      21.788113      22.241114      20.926472      20.159807      22.915266      22.360344      19.251131      18.062391      16.133696      12.479813      13.769463      16.016209      13.672274      12.375479      16.113831      17.181477      14.855861      16.096924      19.493576      19.655001      20.080624      22.614573      24.897533      23.126827      24.747517      22.736599      23.153988      21.563385      18.617710      18.381392      19.225470      16.742315      13.911574      14.701546      15.953378      12.674882      10.319862      12.120315       9.925361       6.984511      10.016662      11.184586       8.419974       6.959119       9.813583      11.860309
      30.628908      26.908300      25.007338      22.127934      19.866032      20.154129      19.624647      16.334963      15.423555      17.107298      15.229464      11.685765      12.305575      13.608725      11.584303      12.497833       9.129447       6.687482       3.824497       0.000000       3.792456       5.569991       5.260962       6.090816       8.300680      10.190462      10.850405      11.738063      13.828615      15.591274      16.221050      17.508932      19.674835      20.852104      21.791685      22.540449      22.920332      23.044659      20.836176      23.467690      21.573177      21.370203      19.500423      18.666479      21.290405      20.769489      17.517242      16.006897      13.618185      10.312097      12.177913      13.925501      11.367105      11.116245      14.859641      15.370086      13.359192      15.412817      18.393864      18.270571      19.376844      22.027601      24.607374      23.037910      25.141594      23.588469      24.332478      22.335165      19.411674      19.899084      20.659292      17.680771      15.332918      16.758141      17.504965      13.894857      12.468678      14.413672      11.672120       9.670414      13.125601      13.732821      10.701803      10.213868      13.404992      15.646435
      30.266130      26.599527      25.068197      22.608234      19.840096      20.026550      20.208132      16.974892      15.466402      17.558256      16.446629      12.749861      12.749004      14.900505      13.724265      15.229004      12.084035       8.877939       6.484937       3.792456       0.000000       3.890926       5.678526       5.150559       5.826896       8.712330       9.925249       9.809388      11.353560      13.818007      14.738594      15.329732      17.411758      19.182299      20.061398      20.281519      20.414501      20.105377      17.640903      20.262400      18.334423      17.818844      15.797013      15.118364      17.899000      17.766418      14.800743      12.793297      10.773005       7.445479       8.800425      10.197825       7.592961       7.578531      11.239488      11.733195      10.143394      12.364365      15.049170      15.188142      16.661133      19.056303      21.930813      20.805191      23.291750      21.870724      23.153263      21.188137      18.043488      19.110420      20.313112      17.231188      14.949173      17.148657      18.088333      14.579535      13.538046      16.195776      13.889497      12.015691      15.518728      16.662453      14.022376      13.349079      16.075531      18.033077
      29.058187      25.319096      23.492441      21.253391      18.522486      19.413004      19.658688      16.117348      15.193614      17.889219      16.726454      13.047894      13.945877      16.416222      15.026708      16.893036      14.000127      11.249249       7.890048       5.569991       3.890926       0.000000       3.920085       5.398700       4.598399       6.054801       8.432389       9.269652       9.934806      11.832384      13.589639      14.617815      15.943813      17.562925      19.145765      19.720440      19.292486      18.961143      17.079937      20.198565      18.956629      18.419649      16.588291      16.782036      19.926468      20.405949      17.789896      15.228689      13.481969      10.560009      11.168522      11.490270       8.000949       8.069929      11.477623      10.996382       8.447786      11.073825      13.795271      13.050941      14.364392      17.285967      19.831440      18.271042      20.723534      19.746984      20.789085      18.397638      15.605046      16.997871      17.718771      14.328271      12.688240      15.090003      15.417107      11.850401      11.745795      14.396741      12.086287      11.185106      14.824142      15.784689      13.671622      13.852441      16.359886      18.866701
      26.460205      22.674610      20.595512      18.012293      15.618442      16.571903      16.318958      12.701111      12.240614      14.793130      13.214122       9.629601      11.243118      13.458335      11.799085      13.914370      11.480700       9.214104       5.543439       5.260962       5.678526       3.920085       0.000000       3.865221       5.364287       5.494424       6.403632       8.462898      10.135011      11.049666      12.142333      14.036348      15.622612      16.423925      17.937954      19.179087      19.205614      19.638979      18.139828      21.172503      20.050259      20.221807      18.945135      19.148315      22.408278      22.738598      20.072906      17.893681      16.298801      12.894206      13.344507      14.363154      11.144635      10.014721      13.562491      13.690671      10.655458      12.286754      15.609746      15.017843      15.404660      18.383892      20.480427      18.448862      20.272779      18.849432      19.328300      17.175749      14.438069      14.988091      15.520444      12.435471      10.307759      12.022558      12.593053       8.997734       8.154437      10.727205       8.589777       7.330067      10.926143      12.144893      10.362266      10.440945      12.628746      15.286627
      25.177084      21.506832      20.012768      17.559868      14.740944      14.895568      15.149635      11.953336      10.375018      12.754173      11.920192       8.233660       8.620075      11.430016      10.775112      13.348197      11.169414       8.060748       5.591037       6.090816       5.150559       5.398700       3.865221       0.000000       3.835173       5.747577       5.240552       5.723310       8.330283       9.961793      10.187917      11.500676      13.824322      14.912360      15.702833      16.541428      17.057762      17.593657      15.700445      18.352680      16.881327      17.369740      16.375069      16.377275      19.663393      19.977592      17.530285      15.566517      14.541349      10.866735      10.671548      12.283365       9.717287       7.572094      11.153731      12.254885       9.717311      10.541552      14.033987      14.402392      14.678055      17.053560      19.429005      17.926792      19.830603      17.891226      18.877445      17.323425      14.042692      14.495272      15.950763      13.323174      10.442348      12.509790      14.094907      10.999902       9.329021      12.516376      11.223283       8.940298      12.044226      14.135616      12.421529      11.285721      12.966777      14.765657
      25.539846      21.916878      20.604670      18.739519      15.545568      16.072239      17.016983      13.808942      12.161759      15.114189      14.864511      11.345035      11.644963      14.886019      14.529198      17.181862      14.921676      11.724253       9.081078       8.300680       5.826896       4.598399       5.364287       3.835173       0.000000       3.758460       5.294330       4.858870       5.646871       8.064545       9.455392      10.079162      11.713925      13.535589      14.777296      15.160775      14.931810      14.846997      12.968472      16.007317      14.920363      14.939928      13.826336      14.514112      18.064383      19.029890      17.015831      14.371542      13.747865      10.574893       9.618595      10.073940       7.042552       5.035513       8.315065       8.732692       5.905866       7.222425      10.517425      10.637657      11.291840      13.775945      16.372572      15.112553      17.521996      16.081633      17.556955      15.702472      12.414901      13.860708      15.417620      12.461680      10.259002      13.232198      14.435299      11.469849      10.959789      14.402932      13.221024      11.790423      14.958790      16.934452      15.450075      14.837191      16.450712      18.368938
      23.523872      19.826384      18.126928      16.433111      13.401477      14.741086      15.597281      12.161599      11.367154      14.782396      14.404243      11.193177      12.513444      15.732394      15.145429      18.030602      16.154316      13.528109      10.431159      10.190462       8.712330       6.054801       5.494424       5.747577       3.758460       0.000000       3.767191       5.539563       5.434096       6.003398       8.247398       9.904322      10.624197      11.754582      13.812676      14.945699      14.317640      14.644997      13.722610      17.082184      16.767281      17.077999      16.396076      17.670189      21.358438      22.599123      20.726793      17.960039      17.355949      14.279477      13.281154      13.325500      10.078362       8.251888      10.807710      10.537527       6.868105       7.727131      11.105489      10.304700      10.061439      13.137591      15.021438      12.976094      14.992457      13.808208      14.742477      12.506967       9.570383      11.067118      12.063878       8.855905       7.172077      10.312961      11.034427       8.236423       8.615956      12.037354      11.291700      10.745173      13.665732      15.591793      14.836167      14.831136      16.005371      18.313593
      20.654831      16.940052      15.398496      13.450198      10.317945      11.205288      12.047992       8.778039       7.612588      11.042517      10.955405       7.987819       9.281409      12.652227      12.584341      15.878134      14.646012      12.172572       9.768042      10.850405       9.925249       8.432389       6.403632       5.240552       5.294330       3.767191       0.000000       3.781859       5.717681       5.420060       5.782155       8.240240       9.842838      10.172561      11.599808      13.223012      13.463012      14.665114      13.847471      16.765036      16.328690      17.427309      17.320917      18.371937      22.048864      23.093048      21.274330      18.953148      18.619989      15.177355      13.948082      14.795958      12.129942       9.324693      11.875262      12.663441       9.380627       8.881330      12.630520      12.689942      11.667053      14.156013      15.757702      13.724412      15.068810      12.982699      13.675771      12.255044       8.978309       9.273484      10.898925       8.569501       5.460639       8.200082      10.133629       7.901466       6.816086      10.602845      10.738131       9.368949      11.660971      14.340446      13.979424      13.249578      13.683740      15.509646
      21.279047      17.800133      17.043249      15.497720      11.975671      11.929335      13.553107      10.968028       8.548059      11.624702      12.435682       9.558351       9.305627      13.097731      13.842175      17.148890      15.814969      12.739769      11.031911      11.738063       9.809388       9.269652       8.462898       5.723310       4.858870       5.539563       3.781859       0.000000       3.774364       5.501896       5.137770       5.784445       8.318621       9.708490      10.255183      10.873819      11.388864      12.276714      10.797400      13.436065      12.656246      13.869332      13.978024      15.026200      18.722767      19.940729      18.499249      16.210514      16.489622      13.215189      11.241207      12.165401      10.212119       6.729949       8.803061      10.413822       7.929220       6.582658      10.309581      11.429684      10.695425      12.402395      14.574797      13.452185      15.259766      12.945041      14.578457      13.668771       9.976823      10.783716      13.289284      11.317534       8.348719      11.331902      13.610335      11.634834      10.436927      14.223435      14.292483      12.438086      14.713255      17.572052      16.831841      15.535375      16.039511      17.239374
      21.885145      18.524046      17.868748      16.980751      13.336819      13.898956      15.963136      13.382821      11.407856      14.782502      15.751019      12.996107      13.043853      16.840553      17.444988      20.705780      19.168173      16.054041      13.883307      13.828615      11.353560       9.934806      10.135011       8.330283       5.646871       5.434096       5.717681       3.774364       0.000000       3.789292       5.636519       5.267599       6.136233       8.545988       9.944982      10.094803       9.362759       9.514182       8.421389      11.711552      11.739520      12.473841      12.659288      14.597305      18.458899      20.317192      19.300835      16.469368      17.047272      14.321040      11.938862      11.661807       9.544039       6.613586       7.482749       8.114251       5.392331       3.297968       7.026250       7.823970       6.948685       8.865221      11.186560      10.238151      12.634143      11.001686      13.183237      11.895262       8.330012      10.434839      12.843781      10.625965       8.762302      12.394761      14.048717      12.318563      12.271699      16.017920      16.069782      14.959050      17.378227      19.978186      19.376181      18.606129      19.230011      20.718527
      18.871893      15.440950      14.531045      13.952404      10.399847      11.698449      13.811836      11.311280      10.094136      13.762828      14.779022      12.570370      13.393187      17.060808      17.607985      21.078142      20.010883      17.382793      15.056963      15.591274      13.818007      11.832384      11.049666       9.961793       8.064545       6.003398       5.420060       5.501896       3.789292       0.000000       3.832731       5.433544       4.998861       5.832161       8.299950       9.742199       8.873471      10.087518      10.375850      13.556883      14.302013      15.529560      16.156914      18.279337      22.142740      24.022709      22.987822      20.233240      20.684389      17.786179      15.605288      15.431091      13.101194      10.302423      11.199376      11.489268       8.406178       6.369793       9.507504       9.490287       7.202118       9.418049      10.474816       8.450316       9.945897       8.064969       9.639061       8.345640       4.680552       6.739014       9.131176       7.306512       5.751014       9.449310      11.093344      10.189265      10.558662      14.129251      14.924193      14.328613      16.200457      18.910301      19.029655      18.532848      18.572920      20.174648
