       0.000000       3.671439       6.444936       9.633492      12.976611      15.026319      17.634094      19.923296      20.272057      23.431395      23.878443      26.819151      25.559513      22.093496      19.841419      18.743505      16.398525      13.243015      13.582438      11.222426      13.148545      14.263097      13.603146      15.676670      15.329760      13.331800      15.728824      14.778240      17.144003      17.868876      17.460623      13.668689      14.051451      13.482271      16.224895      19.966543      22.339806      22.727768      19.610847      19.547779      17.754484      19.496828      19.728498      18.308167      15.958716      12.582281       9.601692       5.925432       5.282280       5.328436       8.546359      11.161242      14.385866      17.734814      21.187225      20.776497      18.391199      14.679040      13.491901      10.554193       9.800259       8.963612       9.463368       9.983868      12.362538      11.320449      14.150447
       3.671439       0.000000       3.778149       6.548095      10.145150      12.572803      14.753458      17.434906      18.337246      21.696573      22.578461      25.657551      24.409121      21.189869      18.553463      16.825769      14.006894      10.567111      10.256102       7.621673       9.537021      10.975787      10.511430      12.602765      12.343452      10.997821      13.938945      13.553104      16.495424      17.637547      17.914843      14.158691      14.496763      14.715945      17.499649      21.208494      23.072815      22.960861      19.668070      18.909712      16.584564      17.782000      17.393974      15.785972      13.991517      10.658390       8.339562       5.533073       5.343012       5.912562       8.101213      11.585447      14.362944      18.015102      21.127266      20.336855      17.526480      13.691563      12.625821       9.909761      10.458701      10.390097       9.786915      10.641150      12.228547      10.978186      13.172406
       6.444936       3.778149       0.000000       3.769546       7.193798      10.121866      12.548714      15.354800      16.499733      20.039835      20.767918      24.138273      23.380251      20.232494      17.790863      15.792212      13.095105       9.350376       8.786042       6.784737       9.003888      11.590078      11.557611      13.111348      12.178546      11.430676      14.202964      13.482279      16.449696      17.180998      18.122515      14.546032      14.031368      14.339928      16.611841      20.216473      21.728378      21.526205      18.449373      17.192881      14.381796      15.018360      14.545018      12.483016      10.657869       7.148004       5.708535       4.334219       6.288999       8.525538      10.676684      14.327763      17.114386      20.732426      23.659801      22.373100      19.618862      15.770666      14.130211      11.099571      11.926556      11.346913       9.491534       9.536096       9.988202       8.212173       9.774021
       9.633492       6.548095       3.769546       0.000000       3.707166       6.819469       8.848234      11.866472      13.452790      17.076618      18.196432      21.595823      20.882345      18.067482      15.408685      12.911160      10.044765       6.243597       5.379834       4.638884       7.643707      10.744581      10.370664      11.001962       9.434050       9.351226      12.038992      11.651639      14.874960      15.882306      17.501879      14.276855      13.738768      14.923420      17.194208      20.530897      21.399321      20.587248      17.413301      15.493348      12.319480      12.421324      11.321541       9.426101       8.374604       5.693802       5.441574       6.288548       7.657063       9.965816      11.137457      14.896363      17.259449      20.816378      23.323599      21.536345      18.744272      15.058657      13.232639      10.580489      12.351895      12.412315       9.821397      10.423585      10.119563       9.081083       9.970189
      12.976611      10.145150       7.193798       3.707166       0.000000       3.728553       5.823905       8.739532      10.621015      14.288011      15.448508      18.973528      18.654667      16.155104      13.702921      10.960676       8.576053       5.371750       5.018974       6.614932       9.546833      12.862309      12.294134      11.887632       9.450409       9.870246      11.764097      11.177126      14.162546      14.924166      17.240242      14.563869      13.556023      15.233527      17.105165      20.036692      20.256372      19.009317      16.033340      13.471703       9.926894       9.242379       7.698099       5.862988       5.527897       4.521303       5.948572       8.532825      10.002947      12.637121      13.467949      17.003584      19.175123      22.500055      24.680119      22.407009      19.862860      16.452433      14.215285      11.773278      13.808991      13.882347      10.643934      11.118611       9.819319       9.440000       9.567631
      15.026319      12.572803      10.121866       6.819469       3.728553       0.000000       3.777281       5.429705       6.897236      10.563974      11.824697      15.290544      15.004528      12.681562      10.354874       7.673039       6.219540       4.508245       6.174666       9.023129      12.277162      15.205531      13.877420      12.527461       9.261443       9.285477       9.943506       8.954064      11.523151      12.201097      15.010223      12.964815      11.921583      14.298244      16.122477      18.621706      18.276749      16.481361      13.471043      10.533103       7.087044       6.513459       5.068351       5.343369       5.338403       6.398877       7.192538      10.209289      10.955078      13.523556      13.918604      16.981413      18.958065      21.902460      23.776411      21.086916      18.992247      15.941093      13.239832      11.109102      13.299121      13.663507      10.243886      11.240936       9.876945      10.853123      11.323792
      17.634094      14.753458      12.548714       8.848234       5.823905       3.777281       0.000000       3.747706       6.930779      10.254226      12.520954      15.618505      15.121358      13.622299      10.889424       7.395339       5.504046       5.184068       5.678279       9.297026      11.942142      14.593271      13.254794      11.196589       7.931372       9.267085       9.929350      10.200950      12.928288      14.278202      17.282644      15.562684      15.031253      17.753807      19.682856      22.004448      21.333588      19.124777      16.159571      12.934125       9.760077       8.402596       5.437707       6.265004       8.141357       9.530863      10.744078      13.449946      13.814699      15.805003      15.430045      18.448820      19.788628      22.648535      24.031883      21.159630      18.895529      16.250071      14.088552      12.884933      15.713417      16.723438      13.569240      14.933917      13.644774      14.416271      14.432860
      19.923296      17.434906      15.354800      11.866472       8.739532       5.429705       3.747706       0.000000       3.674936       6.630558       9.143017      12.053076      11.774341      10.754491       8.513146       5.446745       5.801394       7.329156       9.061445      12.701369      15.557487      18.002108      16.242540      13.747778      10.161572      10.798498      10.041437       9.757273      11.555856      12.577920      15.975202      15.061657      14.400812      17.492165      19.160185      20.940081      19.698120      17.020800      14.299060      10.840914       8.287241       6.994556       4.654579       7.568542       9.209158      11.515146      12.429587      15.376849      15.479826      17.511740      17.028690      19.528545      20.764902      23.175877      24.283533      21.069637      19.402868      17.192429      14.634068      13.684059      16.299805      17.323195      14.165303      15.645303      14.267318      15.867742      16.068190
      20.272057      18.337246      16.499733      13.452790      10.621015       6.897236       6.930779       3.674936       0.000000       3.667900       5.750579       8.736694       8.527515       7.225022       5.716966       4.209646       6.713791       8.745832      11.489194      14.883164      18.144718      20.483395      18.348146      15.883961      12.140521      11.678696       9.871157       8.493424       9.163293       9.568221      13.171578      12.930224      12.121611      15.426272      16.924545      18.285124      16.748695      13.800960      11.143590       7.763518       6.228535       6.238002       6.041118       9.527841      10.034008      12.470516      12.653729      15.536912      15.341969      17.419500      17.080496      19.057787      20.446075      22.472555      23.592342      20.254892      19.199127      17.182926      14.126382      13.085239      15.177329      16.037529      13.031488      14.617716      13.463286      15.871657      16.613541
      23.431395      21.696573      20.039835      17.076618      14.288011      10.563974      10.254226       6.630558       3.667900       0.000000       3.786000       5.551580       5.543333       5.775122       5.704616       5.956775       9.404920      12.085935      14.892439      18.332785      21.553650      23.684813      21.323973      18.559713      14.865373      14.276490      11.719641      10.383600       9.887341      10.002052      13.607752      14.354217      13.710790      17.141825      18.377642      19.090668      16.987366      13.573375      11.462759       8.428906       8.396423       8.634924       8.956786      12.714942      13.290587      15.947062      16.001019      18.789339      18.334099      20.192787      19.615879      21.079823      22.167118      23.687456      24.396814      20.848993      20.381716      18.948359      15.923292      15.393750      17.285563      18.273891      15.592376      17.266647      16.224173      18.988895      19.785822
      23.878443      22.578461      20.767918      18.196432      15.448508      11.824697      12.520954       9.143017       5.750579       3.786000       0.000000       3.804915       5.760572       5.250308       7.188578       8.594032      12.003951      14.034278      17.048868      20.250708      23.662268      26.044878      23.791393      21.363928      17.620197      16.577139      14.043325      11.775023      10.511901       9.202559      12.759458      13.945095      12.552717      15.606441      16.167318      16.312473      13.786852      10.261890       8.874674       5.999585       7.181843       8.011088       9.817072      13.422159      13.237389      16.052265      15.985012      18.871510      18.720549      20.936674      20.920839      22.246683      23.767176      25.199472      26.203283      22.776314      22.592842      20.979755      17.589060      16.486315      17.638571      17.941505      15.239241      16.351435      15.097045      18.229874      19.106524
      26.819151      25.657551      24.138273      21.595823      18.973528      15.290544      15.618505      12.053076       8.736694       5.551580       3.804915       0.000000       3.798840       5.554982       8.398817      10.612088      14.380073      16.950409      20.068901      23.318373      26.722897      28.837694      26.312195      23.625523      19.953474      18.782532      15.722136      13.701761      11.704813      10.513895      13.629797      15.643433      14.749610      17.865936      18.396860      18.015453      15.185250      11.449565      10.630821       8.815763      10.796281      11.800694      13.385514      17.093233      17.034191      19.775627      19.465990      22.113979      21.567568      23.426851      23.077274      23.896513      25.053286      25.969200      26.546534      23.010798      23.387613      22.352715      19.110962      18.573832      19.640028      20.234343      17.985052      19.381578      18.475517      21.785233      22.833061
      25.559513      24.409121      23.380251      20.882345      18.654667      15.004528      15.121358      11.774341       8.527515       5.543333       5.760572       3.798840       0.000000       3.808827       6.018224       8.783041      12.633038      15.634289      18.911892      22.049847      25.459936      27.166395      24.316149      21.500401      17.984081      16.548481      13.106778      11.463313       9.245289       9.037820      11.879949      13.983664      14.005609      17.481302      18.729643      18.775139      16.487352      12.873355      11.142182       9.727240      11.579786      13.111894      14.215110      17.857620      17.789938      20.046200      19.241592      21.449814      20.296085      21.623392      20.792746      21.262625      22.042175      22.703184      23.024658      19.440334      20.019318      19.346905      16.318840      16.379955      17.668657      18.882469      17.066631      19.138174      18.865002      22.174938      23.636145
      22.093496      21.189869      20.232494      18.067482      16.155104      12.681562      13.622299      10.754491       7.225022       5.775122       5.250308       5.554982       3.808827       0.000000       3.840568       7.253013      10.887547      13.297080      16.833948      19.665497      23.267763      25.095493      22.302500      19.893129      16.339851      14.405440      11.171187       8.661262       6.197142       5.340542       8.528696      10.365497      10.199969      13.708143      15.142492      15.539209      13.692582      10.330833       7.860744       6.679810       8.752021      11.124094      12.721903      16.009453      15.295815      17.157806      15.938807      17.965702      16.813221      18.299101      17.853081      18.433325      19.701424      20.661335      21.551201      18.175213      18.506538      17.280664      13.876348      13.319491      14.255167      15.181919      13.357816      15.425253      15.396089      18.813440      20.607656
      19.841419      18.553463      17.790863      15.408685      13.702921      10.354874      10.889424       8.513146       5.716966       5.704616       7.188578       8.398817       6.018224       3.840568       0.000000       3.798302       7.287271      10.044374      13.548429      16.388979      19.902260      21.516834      18.623604      16.103226      12.592590      10.728600       7.452528       5.512955       4.349555       5.825492       8.935320       9.576447      10.153099      13.916417      16.076233      17.296785      16.080473      13.082405       9.903173       8.192449       8.739850      10.808657      11.439611      14.465970      14.077123      15.533625      14.260772      16.094391      14.649149      15.831828      14.935953      15.825418      16.871845      18.188986      19.080347      15.654353      15.421697      14.019759      10.780026      10.565784      12.334934      13.932336      12.046032      14.655271      14.857646      17.843731      19.649160
      18.743505      16.825769      15.792212      12.911160      10.960676       7.673039       7.395339       5.446745       4.209646       5.956775       8.594032      10.612088       8.783041       7.253013       3.798302       0.000000       3.861032       7.072528      10.226574      13.388839      16.708721      18.421997      15.734469      13.045562       9.383505       8.360507       5.877758       5.314599       6.642402       8.666917      11.721905      11.237603      11.680385      15.287966      17.598856      19.337055      18.343094      15.540698      12.262184       9.767335       8.722513       9.750219       9.177018      11.937036      12.216576      13.623671      12.914389      14.969615      13.823313      15.098419      14.035360      15.695949      16.652500      18.562382      19.504313      16.149420      15.040084      13.238356      10.387131      10.141476      12.757266      14.515655      12.167389      14.698042      14.539961      16.888088      18.254164
      16.398525      14.006894      13.095105      10.044765       8.576053       6.219540       5.504046       5.801394       6.713791       9.404920      12.003951      14.380073      12.633038      10.887547       7.287271       3.861032       0.000000       3.818039       6.625426       9.729552      12.934540      14.567284      11.959969       9.374855       5.648453       5.190239       4.498489       5.518467       8.551545      11.011112      13.544469      12.004287      12.689195      15.942953      18.597546      20.932520      20.497149      18.138222      14.643551      12.205235      10.229029      10.810115       9.350171      11.012935      11.497151      12.100172      11.460325      13.155616      12.006216      13.053222      11.798027      14.122835      15.061062      17.563643      18.751482      15.744900      13.760522      11.407169       9.090557       8.769871      12.008430      13.995604      11.667261      14.264381      14.263840      15.848694      17.115570
      13.243015      10.567111       9.350376       6.243597       5.371750       4.508245       5.184068       7.329156       8.745832      12.085935      14.034278      16.950409      15.634289      13.297080      10.044374       7.072528       3.818039       0.000000       3.733470       6.428910       9.976001      12.123235      10.044087       8.519277       5.240294       4.851416       6.470775       6.790040      10.280635      12.205023      14.382932      11.950532      12.227748      14.848715      17.519840      20.332409      20.429264      18.645834      15.131267      12.835956      10.173408      10.634583       9.173329       9.490851       9.464387       9.088790       8.415056       9.938018       9.300891      10.778743      10.250573      13.357935      14.926158      17.996864      19.795177      17.290047      14.831950      11.711363       9.491852       7.996286      11.010796      12.456736       9.888904      12.067617      12.041996      12.916134      14.160666
      13.582438      10.256102       8.786042       5.379834       5.018974       6.174666       5.678279       9.061445      11.489194      14.892439      17.048868      20.068901      18.911892      16.833948      13.548429      10.226574       6.625426       3.733470       0.000000       3.728341       6.666822       9.190977       7.957757       6.953507       4.795259       6.479908       9.279147      10.382959      13.962678      15.920747      18.019505      15.361315      15.550577      17.782997      20.341049      23.335114      23.563919      21.939684      18.551659      16.083206      13.001880      12.636654      10.371611       9.564512      10.275304       9.407802       9.662099      10.936872      10.890882      12.157421      11.630422      15.144231      16.483871      19.841360      21.600576      19.392408      16.421228      13.265546      11.933506      10.691547      13.712037      15.039052      12.568937      14.245410      13.930616      13.808760      14.372767
      11.222426       7.621673       6.784737       4.638884       6.614932       9.023129       9.297026      12.701369      14.883164      18.332785      20.250708      23.318373      22.049847      19.665497      16.388979      13.388839       9.729552       6.428910       3.728341       0.000000       3.790830       6.431765       5.956271       6.879932       6.540738       7.659539      11.229893      12.328314      15.986098      17.931126      19.461563      16.320049      16.696850      18.355167      21.064720      24.388577      25.159782      23.988384      20.548464      18.513969      15.488490      15.432431      13.510969      12.016894      12.111486      10.089783       9.864347       9.965202       9.946549      10.734639      10.510107      14.296998      15.794548      19.443594      21.554090      19.927748      16.640034      13.196984      12.458051      11.006409      13.646744      14.817571      12.892970      14.368913      14.538986      13.687430      14.445348
      13.148545       9.537021       9.003888       7.643707       9.546833      12.277162      11.942142      15.557487      18.144718      21.553650      23.662268      26.722897      25.459936      23.267763      19.902260      16.708721      12.934540       9.976001       6.666822       3.790830       0.000000       3.720913       5.550447       7.560439       8.745625      10.656157      14.390769      15.932641      19.630424      21.699415      23.181896      19.993505      20.426144      21.907642      24.555624      27.949257      28.796556      27.687178      24.297426      22.173298      19.007023      18.561266      16.262224      14.331580      14.880719      12.767300      13.051950      12.885294      13.096640      13.464890      13.092191      16.777313      17.887640      21.570568      23.529829      22.219908      18.650066      15.451046      15.445280      14.390206      16.984493      18.166792      16.457403      17.689146      17.750622      16.334927      16.590681
      14.263097      10.975787      11.590078      10.744581      12.862309      15.205531      14.593271      18.002108      20.483395      23.684813      26.044878      28.837694      27.166395      25.095493      21.516834      18.421997      14.567284      12.123235       9.190977       6.431765       3.720913       0.000000       3.760726       6.815418       9.449839      11.300002      15.122658      17.253721      20.948631      23.438202      24.588703      21.419106      22.420244      23.980259      26.929411      30.372900      31.352036      30.192724      26.636845      24.721251      21.816908      21.658829      19.352861      17.774446      18.325411      16.189720      15.967751      15.244772      14.720224      14.142975      13.064232      16.345751      16.813587      20.383493      22.105675      21.211460      17.439051      14.616551      15.529356      15.212277      17.895916      19.578783      18.458532      20.118656      20.672018      19.429613      20.029257
      13.603146      10.511430      11.557611      10.370664      12.294134      13.877420      13.254794      16.242540      18.348146      21.323973      23.791393      26.312195      24.316149      22.302500      18.623604      15.734469      11.959969      10.044087       7.957757       5.956271       5.550447       3.760726       0.000000       3.738039       6.645708       8.058904      11.795383      14.247295      17.874420      20.661768      21.688671      18.714546      20.142515      22.048983      25.241558      28.564157      29.437391      28.076530      24.388632      22.636385      20.095785      20.376095      18.282349      17.401085      17.795082      15.943759      15.136888      14.417002      13.100914      12.117944      10.294418      13.345707      13.516265      16.999201      18.579176      17.507542      13.755232      10.987352      12.054959      12.265129      15.243067      17.450117      16.549456      18.794783      19.696774      19.142788      20.270147
      15.676670      12.602765      13.111348      11.001962      11.887632      12.527461      11.196589      13.747778      15.883961      18.559713      21.363928      23.625523      21.500401      19.893129      16.103226      13.045562       9.374855       8.519277       6.953507       6.879932       7.560439       6.815418       3.738039       0.000000       3.750512       6.161063       9.387170      12.398783      15.949936      18.997189      20.391962      17.883598      19.397461      21.849627      25.024752      28.070204      28.497387      26.709482      23.022476      21.018845      18.631376      18.807997      16.518534      16.320860      17.144096      16.046841      15.416979      15.407596      13.914127      13.220835      10.929955      13.672445      13.473839      16.615528      17.678873      15.971562      12.400575      10.063109      10.862813      11.679050      15.150985      17.705780      16.493633      19.063826      19.738148      19.773149      20.849680
      15.329760      12.343452      12.178546       9.434050       9.450409       9.261443       7.931372      10.161572      12.140521      14.865373      17.620197      19.953474      17.984081      16.339851      12.592590       9.383505       5.648453       5.240294       4.795259       6.540738       8.745625       9.449839       6.645708       3.750512       0.000000       3.770146       6.554851       9.297273      12.859381      15.751932      17.549200      15.278476      16.500572      19.239307      22.254005      25.094250      25.227064      23.252340      19.624550      17.438915      15.090387      15.306399      13.153229      13.458272      14.253515      13.693531      13.114896      13.778859      12.419436      12.458939      10.512648      13.328842      13.659593      16.684296      17.850622      15.532008      12.448036       9.891684       9.385823       9.768934      13.389151      15.792492      14.088819      16.695677      17.096714      17.621765      18.734375
      13.331800      10.997821      11.430676       9.351226       9.870246       9.285477       9.267085      10.798498      11.678696      14.276490      16.577139      18.782532      16.548481      14.405440      10.728600       8.360507       5.190239       4.851416       6.479908       7.659539      10.656157      11.300002       8.058904       6.161063       3.770146       0.000000       3.885918       6.322906       9.911128      12.924305      14.236746      11.846752      13.524001      16.272095      19.540222      22.391891      22.774328      20.971022      17.203344      15.602856      13.802152      14.944731      13.678262      14.314469      14.203518      13.389235      11.800457      11.973843       9.841215       9.551917       7.413504       9.965334      10.677237      13.692317      15.254661      12.930527      10.128324       7.087044       5.772796       6.097881       9.784483      12.496490      11.261333      14.335747      15.384441      16.411869      18.243931
      15.728824      13.938945      14.202964      12.038992      11.764097       9.943506       9.929350      10.041437       9.871157      11.719641      14.043325      15.722136      13.106778      11.171187       7.452528       5.877758       4.498489       6.470775       9.279147      11.229893      14.390769      15.122658      11.795383       9.387170       6.554851       3.885918       0.000000       3.837413       6.789922      10.240509      11.726082      10.231117      12.208658      15.497760      18.691542      21.067747      21.034937      18.842234      15.113151      13.675636      12.671169      14.276718      13.518895      15.131819      14.952360      14.888543      13.150795      13.752859      11.416845      11.295369       9.156546      10.552850      11.014331      13.192005      14.308945      11.313024       9.514171       7.394311       5.019324       6.181188       9.595523      12.517628      11.364764      14.729545      15.797665      17.652039      19.674282
      14.778240      13.553104      13.482279      11.651639      11.177126       8.954064      10.200950       9.757273       8.493424      10.383600      11.775023      13.701761      11.463313       8.661262       5.512955       5.314599       5.518467       6.790040      10.382959      12.328314      15.932641      17.253721      14.247295      12.398783       9.297273       6.322906       3.837413       0.000000       3.724247       6.646784       8.340003       6.823841       8.461005      11.908422      14.985659      17.248257      17.231039      15.167168      11.388213      10.298923       9.754088      12.120714      12.351867      14.141387      13.193906      13.269853      11.116274      11.950133       9.796368      10.473909       9.445616      10.719170      12.191087      14.231755      15.870542      12.969624      11.871140       9.493378       5.936026       5.128245       7.556678       9.822562       8.380342      11.714935      12.856313      15.275641      17.617081
      17.144003      16.495424      16.449696      14.874960      14.162546      11.523151      12.928288      11.555856       9.163293       9.887341      10.511901      11.704813       9.245289       6.197142       4.349555       6.642402       8.551545      10.280635      13.962678      15.986098      19.630424      20.948631      17.874420      15.949936      12.859381       9.911128       6.789922       3.724247       0.000000       3.783062       5.451888       5.716006       7.516330      11.188101      13.980116      15.579378      15.229042      12.932929       9.326252       9.061349       9.951868      12.914981      13.955723      16.281624      15.070498      15.573851      13.288381      14.184629      12.037580      12.722169      11.939838      12.241842      13.640881      14.852334      16.258911      13.216959      13.201654      11.564880       7.965436       7.489167       8.520709      10.381533       9.425879      12.574853      13.824405      16.879648      19.414099
      17.868876      17.637547      17.180998      15.882306      14.924166      12.201097      14.278202      12.577920       9.568221      10.002052       9.202559      10.513895       9.037820       5.340542       5.825492       8.666917      11.011112      12.205023      15.920747      17.931126      21.699415      23.438202      20.661768      18.997189      15.751932      12.924305      10.240509       6.646784       3.783062       0.000000       3.713332       5.173948       5.309977       8.878501      11.012405      12.108302      11.497789       9.221408       5.671416       6.331440       8.368257      11.867575      13.887560      16.254953      14.499762      15.285003      13.019436      14.223882      12.700791      14.094878      14.222488      14.575209      16.525316      17.671272      19.342951      16.509834      16.726141      14.921885      11.181978       9.746560       9.616151      10.129986       8.904728      11.253672      12.239434      15.772860      18.360268
      17.460623      17.914843      18.122515      17.501879      17.240242      15.010223      17.282644      15.975202      13.171578      13.607752      12.759458      13.629797      11.879949       8.528696       8.935320      11.721905      13.544469      14.382932      18.019505      19.461563      23.181896      24.588703      21.688671      20.391962      17.549200      14.236746      11.726082       8.340003       5.451888       3.713332       0.000000       3.802915       5.414639       8.093528      10.603640      11.693865      11.929442      10.518333       7.418328       9.407831      11.538745      15.204432      17.278570      19.300745      17.193756      17.353945      14.468952      14.780256      12.709753      13.469141      13.702011      13.203223      15.264412      15.951550      17.861029      15.500350      16.189617      14.585557      11.041512       9.722091       8.426821       8.876891       9.098873      11.610430      13.525270      16.976431      20.055096
      13.668689      14.158691      14.546032      14.276855      14.563869      12.964815      15.562684      15.061657      12.930224      14.354217      13.945095      15.643433      13.983664      10.365497       9.576447      11.237603      12.004287      11.950532      15.361315      16.320049      19.993505      21.419106      18.714546      17.883598      15.278476      11.846752      10.231117       6.823841       5.716006       5.173948       3.802915       0.000000       3.744000       6.367793       9.781755      12.030632      13.026267      12.126204       8.612244       9.899765      10.833544      14.374621      16.115847      17.493002      15.173120      14.648440      11.392186      11.211671       8.932740       9.784510      10.454324      10.538186      13.191912      14.656307      17.133175      15.071878      14.937511      12.576696       8.961533       6.656973       4.945030       5.315830       5.656010       8.692200      11.122929      14.160504      17.441488
      14.051451      14.496763      14.031368      13.738768      13.556023      11.921583      15.031253      14.400812      12.121611      13.710790      12.552717      14.749610      14.005609      10.199969      10.153099      11.680385      12.689195      12.227748      15.550577      16.696850      20.426144      22.420244      20.142515      19.397461      16.500572      13.524001      12.208658       8.461005       7.516330       5.309977       5.414639       3.744000       0.000000       3.779133       6.630638       9.014063       9.932015       9.327465       5.945419       7.383367       8.369313      12.043147      14.412967      15.641561      12.900769      12.675409       9.713221      10.296137       9.281646      11.351715      12.826908      13.645258      16.559082      18.298836      20.821150      18.658813      18.305904      15.675792      11.966580       9.058273       7.532957       6.110548       4.754785       6.380138       8.166971      11.653025      14.808256
      13.482271      14.715945      14.339928      14.923420      15.233527      14.298244      17.753807      17.492165      15.426272      17.141825      15.606441      17.865936      17.481302      13.708143      13.916417      15.287966      15.942953      14.848715      17.782997      18.355167      21.907642      23.980259      22.048983      21.849627      19.239307      16.272095      15.497760      11.908422      11.188101       8.878501       8.093528       6.367793       3.779133       0.000000       3.772147       6.988294       9.271447      10.127085       7.812873       9.878896      10.725363      14.168920      16.791851      17.411390      14.167007      13.368840      10.215459      10.108593       9.695640      11.923269      14.243301      14.990166      18.295774      20.067799      22.955196      21.244904      20.864195      18.057413      14.586153      11.340368       8.898681       5.938552       5.536565       5.243465       7.622235      10.782245      14.252241
      16.224895      17.499649      16.611841      17.194208      17.105165      16.122477      19.682856      19.160185      16.924545      18.377642      16.167318      18.396860      18.729643      15.142492      16.076233      17.598856      18.597546      17.519840      20.341049      21.064720      24.555624      26.929411      25.241558      25.024752      22.254005      19.540222      18.691542      14.985659      13.980116      11.012405      10.603640       9.781755       6.630638       3.772147       0.000000       3.760659       6.655342       8.691086       7.822869      10.221406      11.419670      14.586792      17.720022      18.280611      14.857423      14.475343      11.976669      12.408588      12.853066      15.409253      17.914284      18.750607      22.063328      23.756367      26.588085      24.800114      24.536707      21.763924      18.224718      14.973342      12.667675       9.578547       8.759970       7.078905       8.086552      11.218275      14.243181
      19.966543      21.208494      20.216473      20.530897      20.036692      18.621706      22.004448      20.940081      18.285124      19.090668      16.312473      18.015453      18.775139      15.539209      17.296785      19.337055      20.932520      20.332409      23.335114      24.388577      27.949257      30.372900      28.564157      28.070204      25.094250      22.391891      21.067747      17.248257      15.579378      12.108302      11.693865      12.030632       9.014063       6.988294       3.760659       0.000000       3.819701       6.971704       7.781799      10.787016      12.875127      15.963573      19.442513      20.427364      17.183100      17.408934      15.299452      16.079391      16.461872      18.901728      21.166153      21.695469      24.820982      26.147255      28.744986      26.815033      26.963848      24.496899      20.859089      17.910545      15.655685      12.876452      12.157403      10.725715      11.149598      14.369208      16.961880
      22.339806      23.072815      21.728378      21.399321      20.256372      18.276749      21.333588      19.698120      16.748695      16.987366      13.786852      15.185250      16.487352      13.692582      16.080473      18.343094      20.497149      20.429264      23.563919      25.159782      28.796556      31.352036      29.437391      28.497387      25.227064      22.774328      21.034937      17.231039      15.229042      11.497789      11.929442      13.026267       9.932015       9.271447       6.655342       3.819701       0.000000       3.741347       6.192037       8.985458      11.684776      14.531328      18.196018      19.717478      16.874994      17.918903      16.362762      17.866926      18.281717      20.852892      22.717903      23.349293      26.204878      27.441313      29.689392      27.364754      27.643835      25.384838      21.612446      18.952063      17.275145      15.037368      13.710641      12.645507      12.291865      15.782398      17.854675
      22.727768      22.960861      21.526205      20.587248      19.009317      16.481361      19.124777      17.020800      13.800960      13.573375      10.261890      11.449565      12.873355      10.330833      13.082405      15.540698      18.138222      18.645834      21.939684      23.988384      27.687178      30.192724      28.076530      26.709482      23.252340      20.971022      18.842234      15.167168      12.932929       9.221408      10.518333      12.126204       9.327465      10.127085       8.691086       6.971704       3.741347       0.000000       3.829009       6.230171       9.580519      12.428696      15.988931      18.114990      15.772041      17.366106      16.050316      17.991608      18.122919      20.611021      21.951893      22.633041      25.154106      26.327497      28.229948      25.566643      25.901474      23.867611      20.060293      17.788036      16.735462      15.213420      13.490767      13.192742      12.623539      16.350546      18.227911
      19.610847      19.668070      18.449373      17.413301      16.033340      13.471043      16.159571      14.299060      11.143590      11.462759       8.874674      10.630821      11.142182       7.860744       9.903173      12.262184      14.643551      15.131267      18.551659      20.548464      24.297426      26.636845      24.388632      23.022476      19.624550      17.203344      15.113151      11.388213       9.326252       5.671416       7.418328       8.612244       5.945419       7.812873       7.822869       7.781799       6.192037       3.829009       0.000000       3.800365       7.134700      10.620423      13.836551      15.968425      13.633969      14.912534      13.205699      15.014688      14.757520      17.102850      18.236460      19.006161      21.487240      22.827480      24.781565      22.106178      22.223152      20.084061      16.270287      14.000234      13.178120      12.038479      10.184007      10.619887      10.521174      14.371078      16.603991
