       0.000000       3.822450       6.713667      10.479800      13.273669      15.978136      19.538248      22.039124      25.395161      27.033545      29.619146      28.717442      25.214088      22.988340      25.734535      26.654373      26.866697      24.201872      21.959776      23.288645      22.543921      18.896112      18.625011      20.422775      17.827745      14.773248      16.870090      17.029795      13.362303      12.221212       8.753212       9.430513       9.615174      10.728893      13.038864      13.957571      17.464216      18.620115      17.208342      18.040222      15.491083      16.120375      14.351726      14.989614      15.789015      18.978729      22.033758      23.630358      20.630577      19.904318      23.734053      24.170679      21.405001      23.062124      21.849360      24.820637      26.348434      24.712603      21.566687      18.451267      15.763983      12.026374      10.419138       6.919670       5.562605       4.247468       6.984475       9.340240       9.324947       5.942367       8.047166      11.212404      10.526878       9.824466      12.707542      15.278819      14.379438      15.063521      18.373062      19.141510      18.773762      20.931957      23.584160      24.192911      27.182205
       3.822450       0.000000       3.817246       7.206445      10.500192      12.962633      16.701971      19.312288      22.435692      24.254993      27.111015      26.528740      22.876131      20.923025      24.024063      25.334795      25.317614      22.289532      20.518959      22.146626      20.962095      17.276169      17.771450      19.477470      16.510511      13.982323      16.742594      16.598368      13.208590      13.159236       9.836802      10.720860       9.569516      10.777284      12.152908      13.217830      16.275108      17.552477      16.915718      17.981997      15.679711      16.290659      14.702517      14.565197      16.036005      19.247395      21.814676      23.662186      20.724735      19.306522      23.019810      23.770765      20.780998      21.923386      20.187166      22.829638      23.994989      22.298378      19.493668      16.338358      13.741008      10.130812       8.333952       5.880308       5.445848       6.536736       9.153408      10.722803       9.281173       5.462669       5.726941       9.217513       8.739326       6.963516       9.436184      12.426047      11.749848      11.836455      15.137475      16.389898      15.978409      17.710026      20.488333      21.507072      24.618389
       6.713667       3.817246       0.000000       3.803239       6.731290       9.392209      13.066633      15.859604      19.027264      21.042673      23.803560      23.446047      19.841690      18.265074      21.471542      23.202887      23.487841      20.336353      18.638493      20.831469      19.822128      16.021215      16.986931      19.178631      16.431759      14.033379      17.283556      17.647280      14.727446      15.283570      11.808017      11.704352       9.493584       9.605980       9.828262      10.363059      13.010049      14.135179      13.973952      15.312682      13.496538      14.523478      13.683662      13.515661      15.818043      18.557163      20.733082      22.297020      19.172546      17.428734      20.970610      21.533688      18.245516      18.915012      17.128378      19.520144      20.461226      18.581850      15.805407      12.565073      10.171928       6.596433       5.601345       4.429696       6.454473       8.860395      12.075449      14.029510      12.171284       8.389401       8.121991      11.057416       9.776878       6.774249       9.339208      12.161992      10.683619       9.873740      13.565761      14.749508      13.547430      15.183858      18.340702      19.296501      22.123888
      10.479800       7.206445       3.803239       0.000000       3.829879       5.915573       9.730062      12.701823      15.592489      17.877504      20.829973      20.898497      17.245806      16.197575      19.688339      21.915115      22.126356      18.700012      17.546089      20.155647      18.904041      15.238952      17.000515      19.194843      16.439688      14.702711      18.344662      18.678112      16.318052      17.629675      14.441379      14.216263      11.259109      11.048801       9.947773      10.314605      11.934671      13.067448      13.935548      15.427893      14.157853      15.191043      14.827619      14.064955      16.966568      19.370340      20.910658      22.497137      19.508060      17.161461      20.339218      21.080885      17.640919      17.587599      15.325780      17.159294      17.592539      15.609993      13.316573      10.168898       8.193868       5.572636       5.296809       6.679514       9.228239      12.270870      15.323397      16.972349      14.512806      11.061482       9.824291      12.095742      10.783899       7.038804       8.580660      11.216104       9.617982       7.538181      11.206581      12.764353      11.059433      12.073410      15.526919      16.822123      19.537357
      13.273669      10.500192       6.731290       3.829879       0.000000       3.811337       6.992880      10.442638      13.355805      16.002869      18.619972      19.036192      15.646384      15.266715      18.637503      21.291594      22.014767      18.690847      17.537268      20.656952      19.833656      16.271074      18.184200      20.817419      18.526405      16.820105      20.501768      21.336063      19.265350      20.611553      17.306278      16.385334      13.235572      11.960521       9.837789       9.015079       9.640740      10.087776      11.574648      13.521048      13.168708      14.814211      15.407873      14.987620      18.338390      20.109163      21.314495      22.371124      19.218618      16.839708      19.651423      19.925516      16.236012      15.536356      13.522092      14.865692      14.885316      12.423593      10.134855       6.694985       5.820038       4.363329       6.492727       8.625038      11.973458      15.016283      18.388607      20.416269      18.097668      14.596608      13.636389      15.760839      14.083101      10.382526      11.856159      13.972310      11.807009       9.207111      12.698532      13.885897      11.212448      11.985507      15.738241      16.768717      18.863443
      15.978136      12.962633       9.392209       5.915573       3.811337       0.000000       3.849800       7.011107       9.797935      12.370158      15.249957      15.841077      12.358952      12.340481      15.910280      18.860516      19.360695      15.886713      15.329039      18.624977      17.587341      14.367634      16.890169      19.358749      17.234766      16.209177      20.010523      20.825497      19.381340      21.354229      18.447979      17.539110      13.970920      12.881763      10.076990       9.918710       9.489013      10.680733      13.099493      14.390509      14.079681      15.087996      15.714861      14.555350      18.151249      19.627932      20.167149      21.394846      18.650091      15.710390      18.058626      18.781801      15.280852      14.060895      11.369860      12.208667      11.970562       9.959599       8.367130       6.022006       5.172099       5.959795       7.224550      10.511063      13.573013      17.069792      20.170916      21.950136      19.182751      16.108130      14.856190      16.149511      14.262589      10.665582      11.507618      12.769443      10.442239       7.318977      10.225889      11.241347       8.157018       8.483369      12.286557      13.369967      15.326375
      19.538248      16.701971      13.066633       9.730062       6.992880       3.849800       0.000000       3.836893       6.469382       9.340446      11.897671      12.990120       9.912017      10.953879      14.258672      17.663471      18.502384      15.245036      15.045510      18.674662      17.968784      15.223407      17.944853      20.551031      18.960142      18.258690      21.955782      23.091494      22.104567      24.265659      21.485470      20.199348      16.534685      14.978104      11.571139      10.963075       9.123766      10.063577      13.318930      14.406427      14.828424      15.853630      17.125885      15.958333      19.749762      20.566900      20.497768      21.332247      18.802809      15.715685      17.331892      17.872490      14.479369      12.368479       9.658121       9.402859       8.403461       6.243634       5.593798       4.828840       5.704806       8.366985      10.131081      13.628107      16.820084      20.371929      23.515476      25.423241      22.626869      19.681988      18.545906      19.527277      17.407347      14.042158      14.736095      15.356493      12.808032       9.783049      11.827732      12.239356       8.589132       8.415928      11.948963      12.599190      13.642566
      22.039124      19.312288      15.859604      12.701823      10.442638       7.011107       3.836893       0.000000       3.827154       5.692992       8.243437       9.256234       6.243466       8.018211      11.119334      14.763526      15.596476      12.543276      12.860079      16.559174      16.019426      13.900955      16.830139      19.323254      18.276711      18.084135      21.576742      22.910303      22.550619      25.043303      22.639269      21.189421      17.446117      15.937909      12.318236      12.255395       9.813280      11.464571      14.950322      15.180871      15.555455      15.906989      17.254112      15.673342      19.441250      19.736977      18.967607      19.756657      17.762472      14.395504      15.271037      16.159895      13.261092      10.729011       7.560141       6.444455       5.434579       5.100905       5.601093       7.124334       7.473967      10.789028      11.910541      15.649417      18.554529      22.247267      25.171652      27.028868      24.099962      21.539438      20.564775      20.916573      18.488901      15.599974      16.196230      15.903412      13.158741      10.661846      11.793708      11.280358       7.550045       7.435646      10.119534       9.984902      10.259664
      25.395161      22.435692      19.027264      15.592489      13.355805       9.797935       6.469382       3.827154       0.000000       3.858327       6.741290       9.163859       7.094732       9.973560      12.661203      16.452271      16.964794      14.040162      15.220242      18.739628      17.921486      16.395430      19.632389      21.732512      20.717125      21.055346      24.507082      25.587864      25.493967      28.231230      26.007956      24.771015      20.994682      19.692469      16.111450      16.045134      13.419294      14.659488      18.325449      18.679644      19.289316      19.586782      20.912018      19.100563      22.780439      22.978989      21.818106      22.646496      21.011536      17.552700      17.893940      18.940742      16.396124      13.483066      10.459173       8.166281       5.593199       5.860694       8.307064      10.183185      11.183737      14.386152      15.445986      19.216410      22.005669      25.744486      28.554941      30.165213      27.036631      24.624783      23.261345      23.405115      21.293303      18.421587      18.364296      17.887651      15.668469      12.930675      13.135653      12.954699       9.719899       8.182770      10.125927      10.467547      10.021216
      27.033545      24.254993      21.042673      17.877504      16.002869      12.370158       9.340446       5.692992       3.858327       0.000000       3.888156       5.904213       4.477510       7.886198       9.893228      13.616990      13.999997      11.511658      13.210221      16.509462      15.906864      15.113934      18.309483      20.203997      19.770908      20.509026      23.628323      24.889090      25.348148      28.280750      26.429405      25.067904      21.353264      20.166069      16.642309      17.088837      14.386292      16.242186      19.802864      19.416838      19.780642      19.435179      20.666489      18.563148      22.028801      21.785433      20.039537      20.863466      19.828339      16.294022      15.943075      17.391150      15.523291      12.675101       9.595584       7.009350       5.434004       7.861686       9.980119      12.540412      12.851132      16.205948      16.743732      20.546364      23.028219      26.798899      29.374287      30.952852      27.801491      25.755228      24.663061      24.295721      21.897890      19.546412      19.593058      18.375982      16.010473      14.018596      13.640802      12.494502       9.708657       8.765036       9.336432       8.484160       6.859934
      29.619146      27.111015      23.803560      20.829973      18.619972      15.249957      11.897671       8.243437       6.741290       3.888156       0.000000       3.853816       5.297440       9.022175       9.559369      13.174534      14.274604      12.728889      14.164473      17.401472      17.548311      17.119007      19.874807      21.978140      22.128130      22.723833      25.560650      27.235008      27.862787      30.659286      28.804632      27.047773      23.462475      21.860764      18.242790      18.335073      15.172055      16.774677      20.346689      19.628294      20.441124      20.110960      21.823395      20.068222      23.447718      22.579948      20.480518      20.682026      19.911406      16.727232      15.588147      16.577791      15.204796      11.961944       9.809011       6.372813       4.829722       8.334685      10.702848      14.018489      14.694285      18.346684      19.218111      22.902233      25.519564      29.195967      31.866911      33.706913      30.734615      28.653902      27.890903      27.565619      24.898510      22.672493      23.080011      21.776049      19.123678      17.440022      17.254871      15.663417      12.876828      12.514383      12.801864      11.169498       8.477464
      28.717442      26.528740      23.446047      20.898497      19.036192      15.841077      12.990120       9.256234       9.163859       5.904213       3.853816       0.000000       3.831694       6.583596       5.973533       9.424212      10.881717       9.937976      11.090849      14.154340      14.849397      14.737953      17.081615      19.244064      19.924593      20.483421      22.965315      24.948715      25.847380      28.583450      26.958723      25.005985      21.610195      20.037329      16.634150      17.165697      14.245379      16.479267      19.677641      18.268419      18.677870      17.778887      19.379187      17.585585      20.707142      19.460108      17.063721      17.168491      16.789593      13.702527      12.099634      13.380019      12.597638       9.830499       7.849956       5.279222       6.346426      10.104200      11.239839      14.544285      14.391723      17.914658      18.356703      21.863312      24.202686      27.772421      30.263866      32.193497      29.381149      27.537872      27.209902      26.640804      23.649624      21.880013      22.691122      21.018486      18.074312      17.138144      17.040413      14.684354      12.202397      12.896960      12.794357      10.130369       7.199507
      25.214088      22.876131      19.841690      17.245806      15.646384      12.358952       9.912017       6.243466       7.094732       4.477510       5.297440       3.831694       0.000000       3.794135       5.594862       9.406590      10.324437       8.123854       9.141825      12.605801      12.707446      11.908105      14.639234      16.880438      16.998493      17.450006      20.281282      22.030870      22.650560      25.428490      23.689531      21.970287      18.420517      17.085131      13.673177      14.514827      11.984200      14.569674      17.738205      16.600927      16.580153      15.713984      16.947771      14.899409      18.245043      17.612843      15.714278      16.401438      15.518253      12.015836      11.471472      13.110180      11.547203       9.147640       5.941900       4.401789       5.803007       8.769876       9.287278      11.978058      11.317043      14.645237      14.828163      18.443727      20.744102      24.402615      26.894335      28.717285      25.812740      23.905209      23.437674      22.935265      20.028465      18.120003      18.890362      17.361313      14.394050      13.318226      13.416575      11.209387       8.438643       9.370762       9.800032       7.426645       5.792563
      22.988340      20.923025      18.265074      16.197575      15.266715      12.340481      10.953879       8.018211       9.973560       7.886198       9.022175       6.583596       3.794135       0.000000       3.852250       6.994134       7.669896       5.120155       5.424795       9.026176       9.299559       8.330040      10.862959      13.219291      13.561935      13.924966      16.580296      18.501781      19.267406      22.027927      20.513077      18.778528      15.367564      14.341164      11.332152      13.005613      11.278246      14.567524      17.152172      15.524283      14.697676      13.141348      13.828685      11.448866      14.613160      14.037784      12.169882      13.313768      12.562538       8.850966       8.739164      11.094235       9.761524       8.621421       5.258170       6.289650       8.954892      11.316433      10.605227      12.575620      10.761736      13.498611      12.899707      16.262381      18.118664      21.681177      23.922915      25.731461      22.940729      21.306446      21.219982      20.458054      17.286764      15.892650      17.049076      15.196152      11.969476      11.832740      12.113284       9.169857       6.963665       9.310595       9.519724       6.482171       6.143937
      25.734535      24.024063      21.471542      19.688339      18.637503      15.910280      14.258672      11.119334      12.661203       9.893228       9.559369       5.973533       5.594862       3.852250       0.000000       3.861411       5.891263       5.585787       5.568186       8.453074       9.983488      10.074028      11.671892      13.965807      15.285797      15.686206      17.661270      20.017092      21.202274      23.814342      22.564623      20.492821      17.445286      16.198761      13.432802      14.958410      13.031857      16.238092      18.610151      16.373270      15.709927      13.769227      14.744396      12.702266      15.352846      13.827628      11.170653      11.644856      11.753354       8.582502       6.803405       9.287650       9.267307       8.331217       6.395791       7.119113      10.309877      13.314963      12.717643      15.217268      13.613879      16.428387      15.942600      18.991693      20.704689      24.038557      26.151545      28.104872      25.550856      24.124973      24.417130      23.503185      20.145290      19.154493      20.534365      18.443647      15.207719      15.526944      15.673765      12.413486      10.716928      12.997247      12.628264       9.063719       7.441401
      26.654373      25.334795      23.202887      21.915115      21.291594      18.860516      17.663471      14.763526      16.452271      13.616990      13.174534       9.424212       9.406590       6.994134       3.861411       0.000000       3.849368       5.927568       5.146488       6.305253       8.963285       9.966022      10.479392      12.440168      14.657782      15.149632      16.309544      18.949251      20.603138      23.088501      22.324446      20.185568      17.634449      16.692047      14.629008      16.610481      15.269913      18.674137      20.493076      17.733179      16.562233      13.909904      14.403548      12.358004      14.148114      12.025697       8.693932       9.202381      10.494304       7.999700       5.322652       8.608203       9.969323      10.324498       9.279723      10.702772      14.089908      17.026268      16.064791      18.307283      16.257715      18.597004      17.622900      20.199400      21.367756      24.391510      26.107199      28.011625      25.706202      24.724813      25.442482      24.195444      20.703485      20.399992      22.000574      19.567778      16.424070      17.562237      17.599415      13.959327      13.100437      15.781483      14.959942      11.165997       9.882915
      26.866697      25.317614      23.487841      22.126356      22.014767      19.360695      18.502384      15.596476      16.964794      13.999997      14.274604      10.881717      10.324437       7.669896       5.891263       3.849368       0.000000       3.876787       5.105416       4.782685       6.276739       8.537762       9.579393      10.414193      12.657009      14.076853      15.101201      17.160917      19.305813      22.205839      21.918814      20.372541      17.812973      17.670794      15.913774      18.456739      17.489780      21.072563      22.967369      20.447289      18.860786      16.002193      15.676065      12.868771      14.300224      12.854999       9.528682      11.307993      12.835435      10.050118       8.384119      12.064329      13.069316      13.465071      11.585338      12.874809      15.808177      18.723686      18.016588      19.956345      17.635849      19.676924      18.094269      20.720707      21.412649      24.499746      25.810024      27.219517      24.657085      24.125835      24.559416      22.796745      19.572931      19.653202      20.745344      17.829685      15.212925      16.689636      15.991070      12.217871      12.362867      14.789140      13.166473       9.360721       8.584127
      24.201872      22.289532      20.336353      18.700012      18.690847      15.886713      15.245036      12.543276      14.040162      11.511658      12.728889       9.937976       8.123854       5.120155       5.585787       5.927568       3.876787       0.000000       3.850895       5.397354       4.952408       6.082889       8.547582       9.652149      10.739620      12.219182      14.128828      15.769060      17.471405      20.595139      19.973392      18.711508      15.715273      15.732498      13.703883      16.336195      15.456460      19.049543      21.163208      19.145195      17.524353      15.037013      14.591081      11.424059      13.543511      13.018677      10.519965      12.723676      13.188036       9.698906       9.298289      12.812517      12.649307      12.674376       9.893459      11.241713      13.815021      16.324352      15.626200      17.203392      14.802421      16.766060      15.086092      18.011925      18.870087      22.228636      23.725590      25.029676      22.177021      21.399357      21.435890      19.797350      16.710485      16.392506      17.233446      14.434264      11.797492      12.946839      12.200124       8.485072       8.545931      10.974729       9.563813       5.871653       6.221865
      21.959776      20.518959      18.638493      17.546089      17.537268      15.329039      15.045510      12.860079      15.220242      13.210221      14.164473      11.090849       9.141825       5.424795       5.568186       5.146488       5.105416       3.850895       0.000000       3.855299       5.427365       4.986989       6.120714       8.570024      10.003475      10.310714      12.104577      14.510002      15.823458      18.474890      17.596216      15.804336      13.000327      12.628333      10.842747      13.589406      13.117620      16.874189      18.479296      16.103706      14.184452      11.401416      10.985028       8.119321      10.330311       9.446894       7.190433       9.284223       9.394542       5.919352       6.158746       9.687650       9.539963      10.491426       8.349964      10.857890      14.113228      16.227427      14.680491      15.970543      13.182304      14.841974      13.180313      15.693263      16.576344      19.722857      21.367853      23.113359      20.655434      19.681107      20.330845      19.058365      15.560144      15.348186      17.033600      14.657766      11.426963      12.979761      13.303510       9.643146       9.159957      12.470692      12.092319       8.813186       9.429932
      23.288645      22.146626      20.831469      20.155647      20.656952      18.624977      18.674662      16.559174      18.739628      16.509462      17.401472      14.154340      12.605801       9.026176       8.453074       6.305253       4.782685       5.397354       3.855299       0.000000       3.862057       5.501510       5.059968       6.183895       8.893401       9.819512      10.442160      12.861582      14.965143      17.651619      17.567274      16.068953      13.913375      14.271160      13.389333      16.509409      16.533165      20.335024      21.566460      18.938869      16.588268      13.285257      12.047323       9.017643       9.777638       8.722765       5.901308       8.923442      10.260873       7.776941       7.689598      11.490740      12.265517      13.829558      12.109436      14.573331      17.828194      20.062262      18.515348      19.655870      16.652155      17.841455      15.653109      17.638472      17.743505      20.510315      21.517525      22.940142      20.654741      20.375912      21.297300      19.484068      16.083958      16.765602      18.357824      15.524025      12.822870      15.175216      15.049250      11.255477      11.928678      15.134255      14.091455      10.838717      11.601941
      22.543921      20.962095      19.822128      18.904041      19.833656      17.587341      17.968784      16.019426      17.921486      15.906864      17.548311      14.849397      12.707446       9.299559       9.983488       8.963285       6.276739       4.952408       5.427365       3.862057       0.000000       3.859012       5.419566       4.947487       6.524419       8.739198       9.937404      11.256972      13.541819      16.799578      16.915518      16.195778      13.773019      14.861873      14.003123      17.370657      17.558172      21.345551      22.814188      20.690344      18.248280      15.239236      13.573343       9.956238      10.895339      11.135361       9.200581      12.534023      13.303416      10.375581      10.981337      14.704335      14.744814      15.845357      13.329925      15.487837      18.193478      20.218573      18.956615      19.761650      16.692923      17.641006      15.028935      17.208456      17.043438      20.013708      20.799002      21.684202      18.953987      18.922131      19.285761      17.067440      14.054648      14.848452      15.763696      12.533978      10.437392      12.932172      12.107164       8.373384      10.092319      12.912250      11.413686       8.702444      10.474312
      18.896112      17.276169      16.021215      15.238952      16.271074      14.367634      15.223407      13.900955      16.395430      15.113934      17.119007      14.737953      11.908105       8.330040      10.074028       9.966022       8.537762       6.082889       4.986989       5.501510       3.859012       0.000000       3.862199       5.424101       5.310233       6.188662       8.651270      10.211784      11.461675      14.568172      13.988152      13.109844      10.275401      11.300017      10.425669      13.915729      14.498199      18.257179      19.555004      17.714312      15.132687      12.416265      10.658606       6.910766       8.717778       9.743148       8.940447      12.124401      11.758488       8.594982      10.433693      13.665319      12.828259      14.057017      11.424586      14.081145      16.765402      18.168200      16.430351      16.696295      13.368244      13.940501      11.197066      13.371412      13.420455      16.585064      17.768484      18.974274      16.221571      15.658254      16.102993      14.379746      11.044381      11.422157      12.864864      10.170033       7.323090       9.914410      10.073069       6.561539       7.697307      11.136686      10.799286       8.705495      11.113847
      18.625011      17.771450      16.986931      17.000515      18.184200      16.890169      17.944853      16.830139      19.632389      18.309483      19.874807      17.081615      14.639234      10.862959      11.671892      10.479392       9.579393       8.547582       6.120714       5.059968       5.419566       3.862199       0.000000       3.863770       5.453175       4.943946       5.992957       8.756350      10.196342      12.721159      12.509921      11.201340       9.238818      10.392304      10.553419      14.186388      15.324578      19.109461      19.737299      17.412868      14.375219      11.071042       8.659494       5.162479       5.478868       6.349471       6.082217       9.659344       9.643703       7.512841       9.646363      12.717482      12.510159      14.703915      12.941931      16.110620      19.256941      20.631311      18.420786      18.569107      15.031250      15.154964      12.329753      13.582925      13.075206      15.624920      16.466833      17.933416      15.807810      15.578094      16.896927      15.230099      11.665333      12.814980      14.945912      12.532705       9.792872      12.844273      13.512863      10.261615      11.225536      14.846642      14.660129      12.389756      14.351968
      20.422775      19.477470      19.178631      19.194843      20.817419      19.358749      20.551031      19.323254      21.732512      20.203997      21.978140      19.244064      16.880438      13.219291      13.965807      12.440168      10.414193       9.652149       8.570024       6.183895       4.947487       5.424101       3.863770       0.000000       3.843464       5.653789       5.334476       6.858252       9.593855      12.600648      13.438439      13.093146      11.630246      13.604843      14.069347      17.795940      18.969376      22.750839      23.460569      21.247093      18.150724      14.852330      12.138598       8.716151       7.979810       9.180841       8.601804      12.435375      13.137486      11.203662      12.758183      16.124500      16.231274      18.242785      16.207432      19.037193      21.963434      23.513903      21.626938      21.763197      18.240196      18.218273      15.041763      16.159134      14.988113      17.280857      17.362827      18.052223      15.782633      16.419668      17.480593      15.042512      12.026533      13.959045      15.378839      12.365371      10.676744      14.123545      13.913239      10.768277      12.869748      16.017391      15.072816      13.056700      15.280478
      17.827745      16.510511      16.431759      16.439688      18.526405      17.234766      18.960142      18.276711      20.717125      19.770908      22.128130      19.924593      16.998493      13.561935      15.285797      14.657782      12.657009      10.739620      10.003475       8.893401       6.524419       5.310233       5.453175       3.843464       0.000000       3.857771       5.401174       5.273468       7.256676      10.844378      11.418356      11.853336      10.037388      12.634227      13.197944      16.973433      18.449123      22.073254      22.829723      21.180590      18.053074      15.257405      12.372980       8.811794       8.745691      11.131423      11.382902      15.069434      14.903584      12.601532      14.833217      17.962765      17.257706      18.966028      16.490744      19.258028      21.755157      22.807961      20.914688      20.509687      16.931742      16.433174      12.922793      13.988189      12.576077      15.071727      15.141568      15.473058      12.715786      13.339264      13.950127      11.338653       8.521388      10.607813      11.711377       8.705571       7.530553      11.239815      11.074046       8.623832      11.188059      14.084495      13.532982      12.466641      15.449816
      14.773248      13.982323      14.033379      14.702711      16.820105      16.209177      18.258690      18.084135      21.055346      20.509026      22.723833      20.483421      17.450006      13.924966      15.686206      15.149632      14.076853      12.219182      10.310714       9.819512       8.739198       6.188662       4.943946       5.653789       3.857771       0.000000       3.860443       5.368796       5.533311       8.383552       8.190300       8.061646       6.384478       9.185421      10.490393      14.279829      16.334803      19.835260      20.066128      18.408216      15.019722      12.311312       9.070990       5.955549       5.679182       8.871986      10.322118      13.641042      12.752893      10.979529      13.946870      16.478230      15.467590      17.631472      15.633555      18.868732      21.569647      22.209028      19.762146      18.962069      15.195463      14.161073      10.623610      10.975631       9.380182      11.707008      12.091794      13.165745      10.880162      10.964253      12.432249      10.651899       7.154270       9.206699      11.513412       9.583885       7.572341      11.213720      12.320385      10.188601      11.711262      15.067221      15.428366      14.330510      17.163568
      16.870090      16.742594      17.283556      18.344662      20.501768      20.010523      21.955782      21.576742      24.507082      23.628323      25.560650      22.965315      20.281282      16.580296      17.661270      16.309544      15.101201      14.128828      12.104577      10.442160       9.937404       8.651270       5.992957       5.334476       5.401174       3.860443       0.000000       3.866646       5.481351       7.590858       8.857738       8.850871       8.729231      11.502734      13.380517      17.097317      19.258141      22.783218      22.674101      20.625622      17.045906      13.922240      10.368287       7.914845       5.546896       8.409302      10.019049      13.454584      13.334502      12.417208      14.994490      17.566778      17.291550      19.919344      18.343637      21.683378      24.666691      25.564508      23.056097      22.426472      18.645826      17.589352      14.156739      13.964572      11.832581      13.206039      12.697756      13.507029      11.986234      12.981646      14.982176      12.912845       9.918737      12.644576      14.831567      12.758528      11.281396      15.010988      15.797400      13.472855      15.258409      18.611422      18.539547      17.099405      19.657776
      17.029795      16.598368      17.647280      18.678112      21.336063      20.825497      23.091494      22.910303      25.587864      24.889090      27.235008      24.948715      22.030870      18.501781      20.017092      18.949251      17.160917      15.769060      14.510002      12.861582      11.256972      10.211784       8.756350       6.858252       5.273468       5.368796       3.866646       0.000000       3.840779       6.923068       9.096920      10.574656      10.486457      13.866970      15.715612      19.452408      21.679176      25.123217      25.168858      23.520962      19.978769      17.165253      13.602542      10.963220       9.185913      12.247313      13.603357      17.179605      17.030872      15.732020      18.293209      21.054262      20.519457      22.819715      20.798733      23.899590      26.531162      27.291075      25.010954      24.126362      20.378344      19.056559      15.337179      15.088257      12.453316      13.672825      12.469303      12.156190      10.216526      12.117782      13.583477      10.796419       8.720849      12.118275      13.503366      11.279618      11.027567      14.866049      15.136436      13.440541      15.942010      18.788023      18.494675      17.714451      20.716457
      13.362303      13.208590      14.727446      16.318052      19.265350      19.381340      22.104567      22.550619      25.493967      25.348148      27.862787      25.847380      22.650560      19.267406      21.202274      20.603138      19.305813      17.471405      15.823458      14.965143      13.541819      11.461675      10.196342       9.593855       7.256676       5.533311       5.481351       3.840779       0.000000       3.851693       5.539622       7.854254       8.191268      11.930542      14.289620      17.790163      20.484833      23.619757      23.326042      22.081284      18.490923      16.197414      12.577049      10.568829       9.128972      12.811919      14.976479      18.188181      17.243900      16.103455      19.228420      21.498554      20.404087      22.726385      20.814056      24.054523      26.526178      26.753277      24.188509      22.761948      19.014496      17.061672      13.333682      12.349431       9.222232      10.043493       8.726072       8.555236       6.662109       8.475493      10.460096       8.288730       6.228707       9.827343      11.752051      10.594053      10.333444      13.912349      14.991681      13.966455      15.964524      18.803953      19.263315      18.906450      22.097195
      12.221212      13.159236      15.283570      17.629675      20.611553      21.354229      24.265659      25.043303      28.231230      28.280750      30.659286      28.583450      25.428490      22.027927      23.814342      23.088501      22.205839      20.595139      18.474890      17.651619      16.799578      14.568172      12.721159      12.600648      10.844378       8.383552       7.590858       6.923068       3.851693       0.000000       3.846225       6.667861       8.711063      12.253953      15.353985      18.498795      21.634117      24.481636      23.582092      22.380289      18.671331      16.619461      12.922613      12.001415       9.975303      13.627960      16.485294      19.251888      18.058603      17.649899      20.969713      22.746384      21.660233      24.324539      22.875786      26.332897      28.918930      28.890392      25.994623      24.281452      20.559782      18.150513      14.695797      12.735669       9.151197       8.449655       6.131957       6.270411       6.302046       8.283022      11.292846      10.092032       8.528048      11.812374      14.204208      13.818591      13.407135      16.696423      18.286346      17.414101      18.993391      21.953703      22.756149      22.342670      25.417622
       8.753212       9.836802      11.808017      14.441379      17.306278      18.447979      21.485470      22.639269      26.007956      26.429405      28.804632      26.958723      23.689531      20.513077      22.564623      22.324446      21.918814      19.973392      17.596216      17.567274      16.915518      13.988152      12.509921      13.438439      11.418356       8.190300       8.857738       9.096920       5.539622       3.846225       0.000000       3.818210       5.797821       9.170594      12.416156      15.232360      18.572992      21.152916      20.112431      19.234880      15.639444      14.137792      10.745861      10.366596       9.307976      13.030138      16.144806      18.519520      16.613173      16.124363      19.757105      21.108564      19.499025      22.010361      20.674425      24.139700      26.575544      26.177145      23.106064      21.103554      17.479689      14.766570      11.544241       9.117069       5.495237       4.831473       3.983311       6.123869       5.867740       5.831343       9.353744       9.351537       7.231842       9.555635      12.632842      12.997373      11.986208      14.758650      17.048313      16.424143      17.306179      20.300661      21.705019      21.414948      24.434788
