       0.000000       3.821340       7.141259       8.692543      12.472535      15.661366      18.567362      21.262600      23.705032      24.596188      24.754826      26.676540      25.428059      28.117941      27.192154      26.094542      22.885036      21.984488      21.127134      22.477427      21.135960      22.657104      22.564846      20.527411      18.064753      14.247510      12.511266       8.981615       8.891043       6.451367       7.199804       9.836344      11.423624      12.068343      13.446428      15.290022      18.147886      18.522879      17.271551      17.540997      15.247796      15.067800      16.142029      12.773328      13.598808      16.951422      17.168755      20.879629      21.410131      19.038639      21.143612      19.088257      15.421714      14.287616      12.180057      12.658320      15.333734      15.150063      18.428429      20.055492      17.909351      18.116259      16.101297      17.458183      17.970114      19.418427      21.150549      18.731264      21.649199      21.335915      17.946238      16.809334      13.339545      13.185534       9.973267       6.560494
       3.821340       0.000000       3.823660       6.242882       9.748661      13.274697      15.915274      18.441837      20.744907      21.772007      21.746349      23.842836      22.701496      25.176828      24.219307      23.482666      20.109768      19.025343      18.507664      19.978298      18.490366      20.255548      20.219543      18.701466      16.184414      12.512543      10.114073       6.935160       5.732103       3.763114       4.376817       7.767120       8.863869       8.709970      10.521685      12.678430      15.097318      15.618508      14.069981      14.699264      12.897597      12.371239      12.826950       9.244901      10.328348      13.429632      13.451767      17.206930      17.696411      15.245919      17.331001      15.379959      11.796409      11.147017       9.396311      10.840050      13.549086      14.285553      17.329782      18.741114      17.035730      16.612640      14.218893      14.910083      14.828371      16.070797      17.565390      15.048691      18.049572      18.000153      14.739362      13.808656      10.413022      11.176412       8.538856       6.172644
       7.141259       3.823660       0.000000       3.818788       6.486576      10.240001      12.981004      15.086185      17.611017      19.087711      19.367819      21.905567      21.293081      23.713423      23.112108      22.948105      19.594694      17.902918      17.399549      18.452469      16.391857      17.881273      17.426733      16.199608      14.103606      10.714485       8.421648       6.518129       5.344977       5.827992       5.996450       9.677708      10.138103       8.597337      10.780609      13.476204      15.014387      15.441666      13.116946      13.696950      12.160802      10.573344      10.564691       6.991507       7.082458      10.080885      10.179851      13.806232      14.631037      12.655263      14.881653      13.346797      10.097696      10.505497       8.727855      10.756680      12.689775      13.994164      16.396769      18.062187      17.125938      16.565027      14.365227      14.583109      13.777465      14.144493      15.002016      12.076631      14.707111      14.779817      11.354973      10.082086       6.621586       7.862936       6.008698       5.396843
       8.692543       6.242882       3.818788       0.000000       3.837398       7.077466      10.015021      12.571410      15.137359      16.401775      17.114538      19.646620      19.332840      22.149120      22.091467      21.924641      18.952709      16.773258      15.534822      15.951068      13.658669      14.716629      14.188877      12.604432      10.483343       6.996954       5.411726       4.387218       5.518496       7.598972       9.233750      12.600149      12.178820      10.994215      13.862216      16.117626      17.525303      18.471869      16.141592      17.046667      15.764171      13.758001      13.301589       9.839203       9.106318      11.377919      10.637235      13.968113      15.723568      14.029863      15.584338      13.673724      10.452034      10.462954       7.621559       8.703644       9.740241      10.805359      12.859960      14.893605      14.334667      14.247320      12.793819      13.573211      13.199929      13.081199      14.168789      11.635664      13.960016      13.077786       9.513700       8.595341       5.893948       6.588821       5.957672       5.441364
      12.472535       9.748661       6.486576       3.837398       0.000000       3.813083       6.764856       8.838902      11.635649      13.396395      14.532810      17.518312      17.868958      20.572340      20.979176      21.417934      18.652151      15.884351      14.639563      14.452934      11.511867      12.127535      11.095791      10.075287       8.611522       6.170514       5.288488       6.779882       7.681915      10.631476      11.927806      15.131338      14.259012      12.368496      15.339070      17.682858      18.333014      19.322411      16.603094      17.602812      16.796335      14.151360      13.056877      10.171501       8.536812       9.711899       8.537786      11.253553      13.688497      12.668872      13.912056      12.438337      10.008041      10.965359       8.529196       9.910825       9.752708      11.496835      12.477633      14.577654      14.999565      14.693589      13.600522      13.826400      12.793506      11.570730      11.883397       9.236326      10.829418       9.709927       5.970202       4.993723       3.637986       5.246750       6.935479       8.243589
      15.661366      13.274697      10.240001       7.077466       3.813083       0.000000       3.817432       6.010199       8.961835      10.755365      12.709456      15.814205      16.830671      19.733074      20.828478      21.503719      19.267351      16.031450      14.209662      13.036368       9.616043       9.176284       7.522265       6.410973       5.812894       4.964854       6.127011       8.948967      10.666641      13.949319      15.619418      18.674377      17.407957      15.646989      18.805843      20.915682      21.331707      22.563929      19.828348      20.957045      20.347265      17.474255      16.141397      13.602721      11.645294      12.019291      10.380532      12.131181      15.281863      14.788726      15.361799      13.928466      12.096869      12.953864      10.373166      10.906094       9.329065      10.916369      10.693233      13.102950      14.417089      14.485077      14.297786      14.725492      13.880011      11.922009      12.018616      10.091367      10.710182       8.475533       5.246456       5.124259       6.241548       6.863067       9.587549      11.066794
      18.567362      15.915274      12.981004      10.015021       6.764856       3.817432       0.000000       3.817993       5.508754       6.942054       9.063567      12.285192      13.766260      16.567465      18.096899      19.133968      17.327188      13.759845      11.858938      10.135178       6.406500       5.803410       4.647376       5.469900       4.876198       6.220823       7.089735      10.720611      12.132924      15.811090      17.687935      20.273371      18.376408      16.639742      20.002520      21.670876      21.675404      23.329090      20.794294      22.414701      22.403925      19.595961      17.608257      15.299632      13.732921      13.139966      10.615385      11.637880      15.168408      14.741231      14.371046      12.844460      11.781461      12.710410      10.691669      11.195067       8.892066      11.220003      10.158885      11.795815      13.883599      13.450922      13.601141      13.572723      12.548466       9.907763       9.828705       8.996207       9.144659       5.905548       4.353389       6.570783       8.952179      10.395876      13.235008      14.623837
      21.262600      18.441837      15.086185      12.571410       8.838902       6.010199       3.817993       0.000000       3.808725       7.087822       9.787097      13.439641      15.626236      17.883066      19.650341      21.297344      19.578329      15.887432      14.498178      12.595465       8.804602       7.497972       5.048832       7.080904       8.180367       9.785448      10.623273      14.067621      15.016331      18.599733      19.924915      22.591524      20.884420      18.615744      21.644266      23.590824      23.080683      24.401211      21.541878      22.889843      23.050497      19.888050      17.782949      16.209061      14.089774      12.771543      10.623756      10.411350      14.196762      14.735192      14.393875      13.832676      13.626312      15.361850      13.895392      14.867797      12.678063      14.978696      13.600022      15.216301      17.585064      17.035719      17.085760      16.562323      14.905908      11.686835      10.323317       9.298223       7.851571       4.969536       4.604034       6.169163       9.672633      11.067609      14.514147      16.688843
      23.705032      20.744907      17.611017      15.137359      11.635649       8.961835       5.508754       3.808725       0.000000       3.823715       6.627507      10.265555      12.971154      14.918870      17.117849      19.108829      17.913076      14.104997      12.813236      10.550224       7.120921       5.926410       4.975068       8.455072       9.136030      11.532758      12.058056      15.753057      16.522243      20.279446      21.837418      24.054771      21.838011      19.757576      22.919897      24.374458      23.589191      25.325596      22.797585      24.616985      25.264235      22.324099      19.753267      18.250494      16.682116      14.864300      12.062856      11.374835      15.136677      15.514164      14.213696      13.506853      13.984061      15.564036      14.620832      15.486022      13.017186      15.696601      13.913172      14.670317      17.465439      16.473057      16.765593      15.863503      14.174314      10.610993       9.162154       9.603896       7.953290       4.460924       6.578547       9.374795      12.796479      14.642017      17.898071      19.766724
      24.596188      21.772007      19.087711      16.401775      13.396395      10.755365       6.942054       7.087822       3.823715       0.000000       3.823092       6.874030       9.854804      12.073399      14.730177      16.533602      15.953370      12.152502      10.374043       7.501612       4.775032       3.805099       5.456495       8.939059       8.810531      11.734148      12.239920      15.989751      16.982924      20.797558      22.850380      24.709589      22.052427      20.517950      23.936642      24.853283      24.241106      26.463177      24.371149      26.605629      27.397087      24.769739      22.064262      20.200544      19.173904      17.533737      14.296039      14.040167      17.598824      17.351343      15.463092      14.032978      14.438001      15.250955      14.357142      14.630167      11.805479      14.510567      12.388700      12.315570      15.428787      14.278255      15.098779      14.339696      13.258489       9.967855       9.562110      11.171499      10.401201       6.786048       9.010760      12.309246      15.279768      17.179312      20.089851      21.373976
      24.754826      21.746349      19.367819      17.114538      14.532810      12.709456       9.063567       9.787097       6.627507       3.823092       0.000000       3.821529       6.541514       8.377357      10.943670      12.984418      12.570249       8.852224       7.720936       5.634480       4.600090       6.312662       8.944317      12.003160      10.818926      13.108074      12.598250      16.055225      16.443115      20.152750      22.214214      23.520582      20.499058      19.184080      22.571714      22.978531      22.193409      24.762436      23.115955      25.775192      26.978363      24.744387      21.717337      19.855289      19.530783      17.704908      14.088710      13.990301      17.100054      16.313591      13.795638      12.013566      12.864100      13.481655      13.406016      14.006573      11.774976      14.998506      13.479662      12.422284      15.127685      13.107118      13.474277      12.016321      10.766378       7.616966       7.685393      10.419184      10.382214       7.450976      10.122888      13.856299      16.432299      18.913897      21.439432      22.418970
      26.676540      23.842836      21.905567      19.646620      17.518312      15.814205      12.285192      13.439641      10.265555       6.874030       3.821529       0.000000       3.820883       5.632856       8.928923      10.734971      11.408771       8.224604       6.947064       4.947996       6.476515       8.417101      11.750458      14.481002      12.926872      15.253106      14.678866      17.848888      18.296690      21.832724      24.195957      25.079193      21.738861      20.975689      24.410320      24.261322      23.598017      26.539871      25.357080      28.308741      29.655930      27.721498      24.635317      22.612446      22.697752      20.997612      17.269915      17.372749      20.197628      19.031591      16.172457      13.997884      14.817106      14.687861      14.846540      14.925473      12.748851      15.742352      14.178061      12.152170      14.814778      12.534711      13.340683      11.965298      11.501369       9.284068      10.278968      13.479785      13.877904      11.191244      13.675559      17.433529      19.728241      22.186781      24.449818      25.012974
      25.428059      22.701496      21.293081      19.332840      17.868958      16.830671      13.766260      15.626236      12.971154       9.854804       6.541514       3.820883       0.000000       3.821283       6.181511       7.115103       8.044146       5.444568       4.396260       4.522865       7.608310      10.578506      14.146661      16.274790      13.909296      15.496938      14.263271      16.854393      17.011013      20.227125      22.752892      23.157639      19.592165      19.380487      22.804176      22.147230      21.751205      24.999317      24.305325      27.513609      28.927189      27.433950      24.376949      22.100454      22.786207      21.399248      17.613680      18.337976      20.723988      18.887753      15.995571      13.212176      13.675893      12.788320      13.350936      13.341633      11.892946      14.951037      14.166614      11.484960      13.323878      10.389062      10.814550       9.222404       9.420648       8.458477      10.619595      13.885521      15.226248      12.933762      14.869981      18.602966      20.273399      22.902557      24.644375      24.712675
      28.117941      25.176828      23.713423      22.149120      20.572340      19.733074      16.567465      17.883066      14.918870      12.073399       8.377357       5.632856       3.821283       0.000000       3.816673       6.353416       8.030908       6.465251       7.468502       8.243768      10.816110      13.655587      16.984770      19.515406      17.378696      18.916792      17.375992      19.848291      19.447187      22.500307      24.665237      24.689701      21.045057      20.684042      23.774500      22.823767      21.910789      25.220690      24.799294      28.185110      30.045994      28.715345      25.381809      23.526630      24.453812      22.635582      18.845608      19.096291      21.086208      19.347689      15.988951      13.676347      15.013924      14.572646      15.943790      16.492350      15.453219      18.652044      17.974224      15.284504      16.954962      13.790208      13.676657      11.345145      10.830287       9.913504      11.355250      15.043406      16.127457      14.503263      16.984722      20.769293      22.573565      25.515800      27.312201      27.569780
      27.192154      24.219307      23.112108      22.091467      20.979176      20.828478      18.096899      19.650341      17.117849      14.730177      10.943670       8.928923       6.181511       3.816673       0.000000       3.818752       5.186532       5.365706       7.952418      10.221708      12.775793      16.131449      19.353521      21.605242      19.054705      19.901915      17.703678      19.588339      18.577869      21.196182      23.143908      22.633833      18.913483      18.822302      21.627918      20.213081      19.260605      22.746832      22.820194      26.406153      28.476810      27.593950      24.241625      22.431120      23.927223      22.232225      18.549126      19.156021      20.536366      18.304243      14.943945      12.446985      13.816513      13.155997      15.272510      16.258333      16.113554      19.426960      19.483938      16.739531      17.636311      14.047183      13.026951      10.090918       9.443735       9.665812      11.490755      15.008314      16.737085      15.769282      17.882467      21.509186      22.810150      25.996672      27.372837      27.398064
      26.094542      23.482666      22.948105      21.924641      21.417934      21.503719      19.133968      21.297344      19.108829      16.533602      12.984418      10.734971       7.115103       6.353416       3.818752       0.000000       3.829090       5.780928       7.619587      10.511441      13.622095      17.125977      20.564331      22.257490      19.269039      19.738871      17.454924      18.812153      17.969833      20.223648      22.522903      21.733185      17.917517      18.592203      21.477474      19.674234      19.383253      23.072100      23.493767      27.124748      28.938894      28.353195      25.273678      23.041460      24.813860      23.657518      20.050617      21.286352      22.609859      19.937899      16.970024      13.912398      14.358197      12.684772      14.587009      15.008203      15.277002      18.197765      18.695942      15.603878      15.820693      12.150792      11.133889       8.718148       9.458722      10.897270      13.626535      16.738424      19.019730      17.805910      19.301680      22.789497      23.608992      26.599865      27.553160      27.046103
      22.885036      20.109768      19.594694      18.952709      18.652151      19.267351      17.327188      19.578329      17.913076      15.953370      12.570249      11.408771       8.044146       8.030908       5.186532       3.829090       0.000000       3.829376       6.724009      10.340442      12.702757      16.479469      19.550476      21.035864      17.888676      17.767296      14.979459      16.018028      14.674976      16.799360      18.868784      18.041864      14.242318      14.790554      17.652079      15.942101      15.697227      19.364717      19.749043      23.368130      25.145990      24.668840      21.651627      19.389448      21.376146      20.374290      16.911171      18.500998      19.555054      16.607134      13.934995      10.646931      10.823893       9.154493      11.567210      12.686113      13.613446      16.811958      17.842514      15.264813      15.113696      11.295872       9.202374       5.958249       6.084952       8.304374      11.271387      13.919361      16.664616      15.866800      16.917137      20.162567      20.618153      23.746151      24.471134      23.973703
      21.984488      19.025343      17.902918      16.773258      15.884351      16.031450      13.759845      15.887432      14.104997      12.152502       8.852224       8.224604       5.444568       6.465251       5.365706       5.780928       3.829376       0.000000       3.829867       7.108187       9.045837      12.813643      15.815855      17.522959      14.607272      14.902252      12.431320      14.234989      13.329114      16.155657      18.324772      18.274530      14.624164      14.466881      17.710247      16.801138      16.408899      19.773712      19.408388      22.798679      24.378998      23.337492      20.260395      17.968996      19.354919      18.155001      14.481918      15.848044      17.505116      14.969012      12.246718       8.949029       9.227157       8.185645       9.944966      11.105220      11.218971      14.740303      15.253930      13.011770      13.613690      10.012109       8.429491       5.269735       4.500600       5.151700       8.228189      11.118419      13.554022      12.304092      13.565505      17.021736      17.931051      21.000023      22.178295      22.064234
      21.127134      18.507664      17.399549      15.534822      14.639563      14.209662      11.858938      14.498178      12.813236      10.374043       7.720936       6.947064       4.396260       7.468502       7.952418       7.619587       6.724009       3.829867       0.000000       3.825264       6.424938      10.080723      13.401926      14.728731      11.654496      12.309427      10.519070      12.696840      12.847481      15.970322      18.694618      19.178795      15.676695      15.735234      19.329241      18.778553      18.923422      22.132772      21.429647      24.545456      25.621264      24.288446      21.526232      18.835857      19.729990      18.926447      15.282607      16.852491      19.101570      16.789776      14.512633      11.135601      10.499423       8.909866       9.115956       9.064009       8.225629      11.533022      11.665293       9.242775      10.238465       6.923780       6.609938       5.183064       6.149853       6.202045       9.507896      11.963181      14.187695      11.979875      12.839924      16.285765      17.276035      19.848017      21.129473      20.828695
      22.477427      19.978298      18.452469      15.951068      14.452934      13.036368      10.135178      12.595465      10.550224       7.501612       5.634480       4.947996       4.522865       8.243768      10.221708      10.511441      10.340442       7.108187       3.825264       0.000000       3.824933       6.824097      10.485014      12.060395       9.492968      11.265569      10.651948      13.580090      14.539768      17.998474      20.800022      21.840326      18.585663      18.300480      21.992704      21.904108      21.978062      24.941545      23.784395      26.629450      27.485527      25.695589      23.018785      20.387516      20.590458      19.681927      16.070555      17.206270      20.039074      18.325888      16.136110      13.200200      12.701573      11.660707      10.950177      10.295867       7.977926      10.917990       9.806932       7.622845       9.989110       7.793525       8.961815       8.603099       9.259600       7.932473      10.313645      12.666083      14.051765      11.048374      12.165882      15.671184      17.254744      19.416254      21.203934      21.211769
      21.135960      18.490366      16.391857      13.658669      11.511867       9.616043       6.406500       8.804602       7.120921       4.775032       4.600090       6.476515       7.608310      10.816110      12.775793      13.622095      12.702757       9.045837       6.424938       3.824933       0.000000       3.826850       6.998822       8.837700       6.680562       8.832241       8.699106      12.221999      13.378000      17.111940      19.632637      21.258385      18.405167      17.492329      21.159317      21.733385      21.689661      24.222530      22.516279      24.990353      25.615583      23.419436      20.869627      18.365105      17.968821      17.014280      13.582584      14.556992      17.757421      16.522654      14.789363      12.312892      11.737814      11.543621      10.306244      10.121017       7.381419      10.452330       9.039784       8.410063      11.041522       9.587765      10.376757      10.057520       9.799380       7.426151       8.855616      10.431928      11.333992       7.910383       8.779791      12.207969      14.162586      16.183928      18.374731      18.877934
      22.657104      20.255548      17.881273      14.716629      12.127535       9.176284       5.803410       7.497972       5.926410       3.805099       6.312662       8.417101      10.578506      13.655587      16.131449      17.125977      16.479469      12.813643      10.080723       6.824097       3.826850       0.000000       3.821458       6.102543       5.534886       8.936301      10.261894      13.969227      15.733127      19.479681      21.951012      24.016632      21.473391      20.361622      23.980217      24.930349      24.898676      27.155462      25.094952      27.215586      27.553885      24.984406      22.680014      20.308088      19.230349      18.321398      15.259315      15.807281      19.375107      18.754488      17.332663      15.350877      14.793645      14.884324      13.118756      12.527251       9.166990      11.258914       8.757744       9.180696      12.446320      12.058473      13.494048      13.709346      13.500830      10.883289      11.495110      12.521070      12.490004       8.668041       9.382151      12.258996      14.690461      16.009077      18.651052      19.482754
      22.564846      20.219543      17.426733      14.188877      11.095791       7.522265       4.647376       5.048832       4.975068       5.456495       8.944317      11.750458      14.146661      16.984770      19.353521      20.564331      19.550476      15.815855      13.401926      10.485014       6.998822       3.821458       0.000000       3.826771       5.586432       8.865894      10.873322      14.550845      16.435965      20.119917      22.227911      24.761814      22.684816      21.137430      24.562813      26.054380      25.959423      27.761065      25.259865      26.909348      26.951019      24.014534      22.004461      19.885899      18.122044      17.274076      14.769893      15.017225      18.770060      18.755575      17.914497      16.521036      15.924747      16.594887      14.562770      14.276927      11.086985      12.733811      10.276744      11.869399      14.894065      14.976171      16.139463      16.399130      15.771921      12.889008      12.691003      12.756099      12.009062       8.336331       8.399477      10.371734      13.168126      13.922576      17.009478      18.400196
      20.527411      18.701466      16.199608      12.604432      10.075287       6.410973       5.469900       7.080904       8.455072       8.939059      12.003160      14.481002      16.274790      19.515406      21.605242      22.257490      21.035864      17.522959      14.728731      12.060395       8.837700       6.102543       3.826771       0.000000       3.826027       6.749193       9.829865      13.070573      15.647878      19.054829      21.361559      24.172384      22.425108      21.176687      24.619194      26.266754      26.683044      28.352524      25.826660      27.217510      26.744783      23.859289      22.374870      19.892036      17.996399      17.948048      15.864979      16.798697      20.393925      20.128378      19.834099      18.155447      16.779661      16.979330      14.225159      13.322514      10.111148      10.719858       8.322406      10.996652      13.597474      14.539029      15.927892      16.968346      16.900019      14.629556      15.001740      14.465840      14.310052      10.887162       9.610491      10.618922      12.570591      12.425011      15.162188      16.172688
      18.064753      16.184414      14.103606      10.483343       8.611522       5.812894       4.876198       8.180367       9.136030       8.810531      10.818926      12.926872      13.909296      17.378696      19.054705      19.269039      17.888676      14.607272      11.654496       9.492968       6.680562       5.534886       5.586432       3.826027       0.000000       3.825407       6.616964       9.920107      12.598447      16.039381      18.705742      21.229734      19.237215      18.397764      22.010567      23.319216      23.998632      25.951481      23.776289      25.487131      25.114750      22.617376      21.019190      18.136299      16.900030      17.094746      14.648777      16.253101      19.587015      18.623003      18.199057      15.932243      14.118757      13.721662      10.794055       9.571914       6.286231       7.310410       5.506833       7.941454      10.157841      10.868506      12.144515      13.428417      13.787488      12.093798      13.304717      12.986310      13.807375      10.439898       8.920362      10.555001      11.812441      12.283841      14.376456      14.702001
      14.247510      12.512543      10.714485       6.996954       6.170514       4.964854       6.220823       9.785448      11.532758      11.734148      13.108074      15.253106      15.496938      18.916792      19.901915      19.738871      17.767296      14.902252      12.309427      11.265569       8.832241       8.936301       8.865894       6.749193       3.825407       0.000000       3.816833       6.430528       9.488748      12.640381      15.350723      18.051632      16.428610      15.761737      19.281340      20.752556      21.849897      23.606421      21.482300      23.008299      22.295567      20.029966      18.822231      15.611567      14.598699      15.528704      13.482689      15.856020      18.748137      17.384581      17.565390      15.143144      12.580643      11.911775       8.474442       7.314619       5.256202       5.989306       6.371484       8.989192       9.753139      10.496242      10.945251      12.524322      13.010348      12.080112      13.621034      12.560750      14.142954      11.475233       8.900022       9.752408       9.737204      10.063506      11.368631      11.151738
      12.511266      10.114073       8.421648       5.411726       5.288488       6.127011       7.089735      10.623273      12.058056      12.239920      12.598250      14.678866      14.263271      17.375992      17.703678      17.454924      14.979459      12.431320      10.519070      10.651948       8.699106      10.261894      10.873322       9.829865       6.616964       3.816833       0.000000       3.794435       5.984695       9.486922      12.227109      14.620817      12.745329      12.086452      15.708931      16.999231      18.108002      20.013653      18.130411      19.961876      19.542866      17.633219      16.149672      12.755235      12.517170      13.427565      11.128997      14.017375      16.447079      14.507623      14.694309      11.976892       9.033668       8.192301       4.779823       4.856792       4.662726       6.968701       8.596010       9.937042       9.933402       9.438771       8.577295       9.567570       9.770442       9.432779      11.368018      10.210488      12.656058      10.652273       8.074232       9.345398       8.731032      10.247433      11.006590      10.570266
       8.981615       6.935160       6.518129       4.387218       6.779882       8.948967      10.720611      14.067621      15.753057      15.989751      16.055225      17.848888      16.854393      19.848291      19.588339      18.812153      16.018028      14.234989      12.696840      13.580090      12.221999      13.969227      14.550845      13.070573       9.920107       6.430528       3.794435       0.000000       3.819708       6.339426       9.503942      11.929609      10.555818      10.593459      13.989014      15.248992      17.071146      18.800945      17.229570      18.872589      18.035961      16.672386      15.764689      12.028417      12.404367      14.194499      12.527965      15.954419      17.727034      15.347969      16.090458      13.285359       9.701572       8.154078       4.585657       4.579393       6.636820       7.746832      10.611089      11.874896      10.619108      10.329817       8.765070      10.221751      10.906590      11.698040      13.903358      12.392481      15.303514      13.919315      11.060367      11.546648       9.666782      10.807362      10.193696       8.585372
       8.891043       5.732103       5.344977       5.518496       7.681915      10.666641      12.132924      15.016331      16.522243      16.982924      16.443115      18.296690      17.011013      19.447187      18.577869      17.969833      14.674976      13.329114      12.847481      14.539768      13.378000      15.733127      16.435965      15.647878      12.598447       9.488748       5.984695       3.819708       0.000000       3.816941       6.525926       8.637634       7.103580       6.774505      10.234612      11.526699      13.281462      15.001281      13.600422      15.502422      15.038122      14.075527      12.883153       9.117604      10.479998      12.160554      10.579817      14.277373      15.360336      12.521004      13.490088      10.768412       6.976582       5.755280       3.773619       6.308184       9.118650      11.085645      13.842166      14.502669      13.229285      11.940414       9.251067       9.423536       9.243922      10.550798      12.575951      10.828011      14.223351      13.734342      11.119002      11.661097       9.486532      11.600028      10.753973       9.541831
       6.451367       3.763114       5.827992       7.598972      10.631476      13.949319      15.811090      18.599733      20.279446      20.797558      20.152750      21.832724      20.227125      22.500307      21.196182      20.223648      16.799360      16.155657      15.970322      17.998474      17.111940      19.479681      20.119917      19.054829      16.039381      12.640381       9.486922       6.339426       3.816941       0.000000       3.815437       5.739294       5.531131       6.350986       8.850121      10.080060      12.711604      14.020085      13.128040      14.679453      13.759003      13.650566      13.216442       9.518682      11.546927      13.896481      13.092381      16.905231      17.309805      14.278064      15.742340      13.266117       9.555246       8.141669       7.057823       8.902772      12.224741      13.508319      16.723122      17.374971      15.458044      14.361593      11.443068      11.814820      11.939072      13.857055      15.864908      13.964711      17.420443      17.338392      14.619211      14.630175      11.806965      13.455401      11.553258       9.533497
       7.199804       4.376817       5.996450       9.233750      11.927806      15.619418      17.687935      19.924915      21.837418      22.850380      22.214214      24.195957      22.752892      24.665237      23.143908      22.522903      18.868784      18.324772      18.694618      20.800022      19.632637      21.951012      22.227911      21.361559      18.705742      15.350723      12.227109       9.503942       6.525926       3.815437       0.000000       3.826897       5.775983       5.321678       6.279368       8.549088      11.048941      11.406797      10.335312      11.326765      10.131801      10.552665      10.628611       7.348170       9.939473      12.576417      12.682332      16.411734      16.054825      13.142350      15.338069      13.640805      10.401407      10.150446       9.985781      12.453500      15.567797      17.056030      20.078903      20.878805      19.180050      17.928350      14.830728      14.549416      13.870241      15.538657      16.858326      14.440956      17.730413      18.422409      15.665467      15.105329      11.941399      13.711012      11.482561      10.051930
       9.836344       7.767120       9.677708      12.600149      15.131338      18.674377      20.273371      22.591524      24.054771      24.709589      23.520582      25.079193      23.157639      24.689701      22.633833      21.733185      18.041864      18.274530      19.178795      21.840326      21.258385      24.016632      24.761814      24.172384      21.229734      18.051632      14.620817      11.929609       8.637634       5.739294       3.826897       0.000000       3.819557       5.057521       4.855104       5.616241       8.933013       9.662130       9.945662      11.553543      11.143481      12.561169      12.270692       9.558987      12.850254      14.908949      14.698488      18.276697      17.461365      14.120107      15.890928      14.051204      11.142382      10.424475      11.302553      13.806866      17.289171      18.950411      22.131638      22.345583      20.356287      18.640972      15.163071      14.493257      13.946095      16.308538      17.907743      16.037483      19.571035      20.450727      18.179882      18.139889      15.294085      17.390745      15.303249      13.758270
      11.423624       8.863869      10.138103      12.178820      14.259012      17.407957      18.376408      20.884420      21.838011      22.052427      20.499058      21.738861      19.592165      21.045057      18.913483      17.917517      14.242318      14.624164      15.676695      18.585663      18.405167      21.473391      22.684816      22.425108      19.237215      16.428610      12.745329      10.555818       7.103580       5.531131       5.775983       3.819557       0.000000       3.817307       5.778665       5.116488       8.059794      10.208309      10.629432      13.199886      13.568269      14.371731      13.105871      10.150475      13.395428      14.747227      13.571347      17.073851      16.669601      13.029651      13.937219      11.451945       8.491328       7.087208       8.649953      11.316641      14.806546      16.890688      19.921024      19.637283      17.772812      15.590344      11.924509      10.869307      10.429255      13.185525      15.228477      14.014496      17.763496      18.333748      16.525337      17.263252      15.019290      17.560469      16.136417      14.741689
      12.068343       8.709970       8.597337      10.994215      12.368496      15.646989      16.639742      18.615744      19.757576      20.517950      19.184080      20.975689      19.380487      20.684042      18.822302      18.592203      14.790554      14.466881      15.735234      18.300480      17.492329      20.361622      21.137430      21.176687      18.397764      15.761737      12.086452      10.593459       6.774505       6.350986       5.321678       5.057521       3.817307       0.000000       3.818019       5.316738       6.696014       8.280867       7.564957      10.212204      10.898468      11.179260       9.445177       6.638565      10.061089      11.090411      10.173336      13.619408      12.972133       9.422572      10.887913       9.059388       6.404984       6.885848       8.668507      12.101568      15.035448      17.539803      20.133747      20.201000      18.973604      16.771151      13.258134      11.658580      10.028075      11.848619      13.028205      11.200738      14.772546      15.890626      14.067576      14.538513      12.405206      15.335958      14.320497      13.808214
      13.446428      10.521685      10.780609      13.862216      15.339070      18.805843      20.002520      21.644266      22.919897      23.936642      22.571714      24.410320      22.804176      23.774500      21.627918      21.477474      17.652079      17.710247      19.329241      21.992704      21.159317      23.980217      24.562813      24.619194      22.010567      19.281340      15.708931      13.989014      10.234612       8.850121       6.279368       4.855104       5.778665       3.818019       0.000000       3.818642       5.145740       5.209665       5.211840       7.575442       8.552456      10.021932       8.832342       7.215914      11.025191      12.159467      12.197588      15.295642      13.723265      10.407517      12.449379      11.547590       9.714908      10.559155      12.461917      15.796183      18.814199      21.182816      23.864313      23.997158      22.650282      20.463554      16.870087      15.172294      13.413768      15.182075      15.893920      13.874489      17.136705      18.833858      17.048130      17.063066      14.691568      17.457033      16.064081      15.655516
