       0.000000       3.805037       6.943943       9.937570       9.451966      12.596104      12.448859      15.116312      15.572474      17.351460      17.919727      20.902527      19.922890      23.246113      24.425308      26.670042      28.327913      30.234447      32.361809      32.645306      29.761719      27.093571      29.007862      29.227686      25.453726      24.808622      28.102854      26.724407      24.191082      27.374836      28.467377      25.568472      24.712940      21.885769      22.586704      25.960609      27.493868      29.134880      31.498819      32.991024      31.816063      33.722942      31.654129      34.741119      36.245605      33.330849      34.582680      33.727818      32.704174      32.093018      30.027719      28.997185      26.420378      24.327692      23.211498      20.480259      19.714766      16.661837      15.374946      15.688387      14.268008      11.442238      14.445291      16.263987      13.786385      12.939878      16.752527      17.060486      14.601696      14.847680      18.508591      18.470030      20.931957      22.480196      20.704395      21.102215      19.506884      21.422581      18.736673      16.989878      19.065971
       3.805037       0.000000       3.815778       6.473978       6.415475       9.937151       9.977303      12.427947      13.104528      15.469543      16.419865      19.475210      18.604181      22.179901      23.543280      26.206112      27.831062      30.132805      32.099220      32.125126      29.472435      26.650967      28.101723      28.305019      24.500393      23.497444      26.547943      25.034311      22.181381      25.151600      26.098778      22.946022      22.112295      19.022430      19.982611      23.408995      25.318369      27.068012      29.754459      31.287340      30.039574      31.721121      29.854494      32.958908      34.697231      32.033020      33.669968      33.231010      32.402561      31.399218      29.222431      27.739645      24.936447      22.411316      21.093567      18.227251      16.938057      13.601275      11.862435      12.376696      11.509023       8.898065      12.132434      14.197073      12.346382      11.885366      15.572316      16.300261      14.628840      15.166536      18.775558      18.817955      20.677540      22.388762      20.241730      20.799467      19.053635      21.098377      18.436470      17.444304      19.965715
       6.943943       3.815778       0.000000       3.813378       5.922732       8.767406       7.729022       9.295515       9.497191      12.201799      13.108221      16.090210      15.305919      18.997248      20.570749      23.513437      25.250359      27.855490      29.830763      29.851290      27.510160      24.448458      25.576393      26.044954      22.304804      20.837973      23.809328      22.541084      19.418758      22.116631      23.319597      20.130880      18.916656      15.709521      16.409452      19.736969      21.673365      23.367643      26.161745      27.758284      26.593056      28.288675      26.640366      29.862274      31.568804      28.995134      30.853685      30.651196      29.829952      28.511484      26.189466      24.436464      21.485819      18.788685      17.376070      14.528331      13.134091       9.868120       8.475220       9.045941       7.866553       5.908060       9.577433      11.132722       9.499495       9.953856      13.418165      13.984856      13.046994      14.300927      17.563684      17.276079      18.590788      20.150217      17.629614      18.170309      16.326107      18.482601      16.026640      15.693814      18.654039
       9.937570       6.473978       3.813378       0.000000       3.786683       5.781563       5.230427       6.751269       8.137150      11.091111      12.969517      16.156126      16.054914      19.865133      21.886898      25.150835      27.050402      29.957975      31.917383      31.871084      29.847279      26.634630      27.336700      27.955626      24.322996      22.416954      25.084999      23.876785      20.432770      22.645693      23.793081      20.355690      18.981092      15.413186      16.141354      19.215366      21.473675      22.932739      26.039902      27.860865      26.904018      28.475937      27.272589      30.565123      32.364605      30.048784      32.254429      32.385033      31.557465      29.835054      27.260103      25.076672      21.789124      18.737698      16.713928      13.471604      11.664324       7.962602       6.126232       8.189676       7.999896       7.594491      11.099473      12.407681      11.511559      12.695026      15.712918      16.330730      16.041376      17.607620      20.639658      20.179253      21.033918      22.388605      19.473352      19.727739      17.467659      19.217752      16.590092      16.980881      19.861097
       9.451966       6.415475       5.922732       3.786683       0.000000       3.846666       5.626970       8.646091      11.032960      13.335441      15.681643      19.140463      19.358118      23.151573      25.299740      28.456854      30.476475      33.257458      35.332668      35.382103      33.222370      30.055460      30.938360      31.510357      27.825136      26.068361      28.797195      27.498852      24.112757      26.385658      27.405668      23.905531      22.685665      19.081079      19.883949      22.880648      25.117912      26.387905      29.468477      31.414194      30.592930      32.223312      31.051928      34.350193      36.128849      33.762142      35.888588      35.875874      34.906731      33.281570      30.625118      28.544664      25.191027      22.244717      19.974957      16.505255      14.952626      11.261525       9.373177      11.760205      11.780441      11.025349      14.531618      16.082954      14.907022      15.778918      19.056322      19.632538      18.866217      20.206564      23.478754      23.029762      24.255922      25.530796      22.663103      22.638220      20.127581      21.471239      18.421276      18.468351      20.830326
      12.596104       9.937151       8.767406       5.781563       3.846666       0.000000       3.812538       6.931612      10.278033      11.905503      14.969027      18.550833      19.519001      23.246557      25.861397      29.140015      31.477549      34.416382      36.666607      36.905602      35.041645      31.669243      32.369858      33.296082      29.741676      27.588892      30.239817      29.284771      25.717569      27.577528      28.860662      25.364376      23.733973      20.044031      20.382801      22.915800      25.034021      25.810453      28.923271      31.149132      30.739233      32.506992      31.763826      35.208092      36.807594      34.508427      36.766376      36.845573      35.652397      33.754696      30.803370      28.544304      24.948933      22.025421      19.215504      15.494156      14.279821      10.891844       9.810623      13.026915      12.977677      13.267972      16.793163      17.704557      16.576748      18.174698      21.247974      21.421406      20.958776      22.812857      25.825562      24.930414      25.929022      26.761047      23.555204      23.023911      20.085340      20.837526      17.621035      18.206245      20.302742
      12.448859       9.977303       7.729022       5.230427       5.626970       3.812538       0.000000       3.805293       6.834505       8.201281      11.181695      14.804981      15.912732      19.587406      22.336800      25.592203      28.088425      31.042019      33.422077      33.856293      32.142132      28.648331      29.375080      30.589712      27.135155      24.801771      27.571257      26.987951      23.434330      25.208076      26.899332      23.615055      21.566515      18.026548      17.789083      20.150366      21.915916      22.513048      25.464540      27.743998      27.494972      29.501879      28.804045      32.363235      33.718044      31.291342      33.460423      33.453140      32.112030      30.183901      27.150187      24.964401      21.362608      18.623110      15.803513      12.074815      11.390149       8.372489       8.507334      11.532450      10.585690      11.437247      15.021911      15.227089      13.819921      15.978768      18.905949      18.596684      18.306967      20.621502      23.326773      22.055706      22.914782      23.441641      20.103334      19.368914      16.345819      17.079340      13.965063      14.822852      17.186827
      15.116312      12.427947       9.295515       6.751269       8.646091       6.931612       3.805293       0.000000       3.810039       5.564749       8.771688      12.088275      13.487791      17.080599      20.009787      23.471153      25.983803      29.176249      31.468903      31.855227      30.500240      26.900940      27.244331      28.673960      25.427006      22.719135      25.251669      24.951641      21.289131      22.622368      24.526089      21.357658      18.953533      15.489032      14.828004      16.817986      18.568727      19.012941      22.091908      24.430130      24.302227      26.267822      25.874092      29.471060      30.773823      28.524328      30.905663      31.179571      29.910942      27.667185      24.548065      22.054981      18.335472      15.418356      12.367215       8.600598       7.844747       5.339254       6.842203       9.922976       8.909734      10.990526      14.091211      13.590697      12.730293      15.518812      17.843424      17.398821      17.860268      20.531662      22.782082      21.338736      21.596058      21.947809      18.391619      17.663507      14.689883      15.476865      12.886790      14.619923      17.358072
      15.572474      13.104528       9.497191       8.137150      11.032960      10.278033       6.834505       3.810039       0.000000       3.813813       5.662676       8.672236       9.737733      13.364406      16.225744      19.733168      22.212154      25.456942      27.726681      28.153261      26.921638      23.272705      23.567291      25.161385      22.027044      19.192053      21.785610      21.774487      18.193722      19.486776      21.725277      18.842329      16.122705      12.962759      11.737714      13.698552      15.147510      15.725980      18.699308      20.923359      20.709995      22.813639      22.309608      25.960590      27.131069      24.781668      27.109539      27.378683      26.147625      23.887104      20.825878      18.348946      14.696524      11.806072       9.065280       5.504445       5.158545       3.769865       6.814125       8.617276       6.544756       9.299028      11.935915      10.617426       9.773008      13.046141      14.928559      14.150028      15.042556      18.006060      19.837086      18.220795      18.148754      18.392178      14.785824      14.229938      11.542504      12.857567      10.925599      12.925308      16.159391
      17.351460      15.469543      12.201799      11.091111      13.335441      11.905503       8.201281       5.564749       3.813813       0.000000       3.853537       7.201972       9.571333      12.712727      16.104021      19.365580      22.325727      25.442879      28.070827      28.964680      27.949928      24.184252      24.634748      26.686258      23.773388      20.813511      23.514494      24.034929      20.621660      21.674841      24.313389      21.743467      18.682777      15.886477      13.943056      15.156372      15.794136      15.499083      18.020430      20.579113      21.021242      23.574415      23.379566      27.157047      27.829542      25.312340      27.414003      27.422997      25.715233      23.427383      20.045918      17.804441      14.067212      11.912427       8.740560       5.237490       7.169785       7.284096      10.536345      12.366256       9.963385      12.539070      15.154934      13.313531      11.902326      15.433393      17.245691      15.704860      16.392614      19.753441      21.266371      19.039532      19.065214      18.540377      14.782408      13.264207       9.966036      10.220638       8.065447      10.712924      13.572883
      17.919727      16.419865      13.108221      12.969517      15.681643      14.969027      11.181695       8.771688       5.662676       3.853537       0.000000       3.755641       5.964563       8.990580      12.385398      15.546740      18.591492      21.649416      24.364876      25.436663      24.500792      20.706675      21.286230      23.561518      20.812483      17.860426      20.717140      21.614750      18.487518      19.580006      22.557972      20.424421      17.181932      14.957753      12.482236      13.540533      13.494245      13.255733      15.349999      17.743429      18.148706      20.979607      20.563118      24.368204      24.772318      22.019138      23.884819      23.703533      21.906483      19.727772      16.384756      14.403547      10.849867       9.221034       6.882794       4.728923       7.554080       8.675531      12.081215      12.794179       9.679187      12.163127      14.188430      11.632321       9.960245      13.700129      15.032454      12.909615      13.834907      17.462811      18.449989      15.918251      15.726797      14.874630      11.087008       9.472479       6.360337       7.347521       6.308209       9.076581      12.418034
      20.902527      19.475210      16.090210      16.156126      19.140463      18.550833      14.804981      12.088275       8.672236       7.201972       3.755641       0.000000       3.844209       5.756252       9.464678      12.634233      15.773269      18.952757      21.641390      22.844282      22.359226      18.541965      18.834324      21.487591      19.178978      15.990875      18.624086      20.105833      17.269655      17.892389      21.234476      19.644213      16.123701      14.642066      11.486400      11.717727      10.762053      10.128064      11.788205      14.174837      14.844286      17.930695      17.721334      21.538908      21.589724      18.832355      20.674913      20.601673      18.757637      16.321526      12.862390      10.770332       7.213943       6.312386       4.866987       5.213726       8.467800      10.793694      14.348799      14.372224      11.305476      13.994059      15.155349      11.924141      10.780995      14.544045      14.959780      12.468148      14.094479      17.830002      18.041153      15.295197      14.379838      13.019871       9.257308       7.557662       5.367332       6.644308       7.631133      10.590651      13.822553
      19.922890      18.604181      15.305919      16.054914      19.358118      19.519001      15.912732      13.487791       9.737733       9.571333       5.964563       3.844209       0.000000       3.813269       6.592109      10.046541      12.780219      16.032938      18.530533      19.504972      18.758856      14.943933      15.387813      17.865887      15.419572      12.380534      15.288815      16.692226      14.071603      15.112293      18.462965      17.095047      13.774149      12.715499       9.730186      10.579660       9.657830      10.231936      11.779305      13.454613      13.248415      16.194717      15.258823      19.013777      19.274410      16.299524      18.040865      17.905008      16.433350      14.277969      11.311615       9.444144       6.532389       5.554893       6.270932       7.257071       9.198073      11.173704      14.183085      13.228673       9.944818      12.134308      12.603873       9.093160       8.032153      11.557039      11.462290       8.821311      10.883219      14.520657      14.443356      11.891258      10.667874       9.738294       5.984667       5.751320       5.333893       8.377959       9.642991      11.547956      15.120525
      23.246113      22.179901      18.997248      19.865133      23.151573      23.246557      19.587406      17.080599      13.364406      12.712727       8.990580       5.756252       3.813269       0.000000       3.845569       6.980556      10.084373      13.316291      15.967515      17.360645      17.175127      13.413957      13.726353      16.777088      15.030862      11.991166      14.613044      16.813091      14.832530      15.358642      19.029604      18.393188      14.998050      14.822186      11.478247      11.320394       9.120494       9.099001       9.414673      10.824115      11.043936      14.447513      13.674427      17.340282      16.918463      13.751171      15.151793      14.857718      13.081379      10.746677       7.566952       6.105069       4.102706       5.638743       7.751909       9.992471      12.249341      14.717225      17.796587      16.627966      13.515394      15.582704      15.532312      11.840890      11.063878      14.138508      13.296484      10.297054      12.559034      16.076582      15.098724      12.247654      10.399301       8.438060       5.312459       4.809080       6.174897       8.677027      11.221046      13.100273      16.258804
      24.425308      23.543280      20.570749      21.886898      25.299740      25.861397      22.336800      20.009787      16.225744      16.104021      12.385398       9.464678       6.592109       3.845569       0.000000       3.811186       6.329285       9.733464      12.187298      13.539359      13.405569       9.696354      10.104459      13.311436      11.937619       9.240769      11.875905      14.421454      13.205926      13.847990      17.506773      17.507599      14.495255      15.135433      12.136285      12.086905       9.705239      10.551451      10.242055      10.522155       9.856274      13.056765      11.516088      14.886249      14.329059      10.823128      11.812258      11.332255       9.957101       7.992448       5.864977       5.496296       5.902350       7.726402      10.823865      13.254313      14.867208      17.133617      19.768579      17.931383      14.970491      16.483223      15.657600      12.038247      11.615495      13.874546      12.183167       9.208377      11.792756      14.806666      13.020752      10.455901       7.817024       5.827379       4.311152       5.983285       8.890142      11.751792      14.383522      15.597220      18.713545
      26.670042      26.206112      23.513437      25.150835      28.456854      29.140015      25.592203      23.471153      19.733168      19.365580      15.546740      12.634233      10.046541       6.980556       3.811186       0.000000       3.812120       6.427095       9.445837      11.656126      11.786021       8.512296       9.563275      13.033097      12.419633      10.614807      12.999660      15.889559      15.507237      16.149044      19.699106      20.222246      17.514400      18.547516      15.711604      15.503650      12.806746      13.353436      12.075198      11.772189      11.292347      14.436394      12.701967      15.482480      14.197451      10.413299      10.120082       8.566756       6.529398       5.619650       4.729910       6.800776       8.738068      11.306584      14.400661      16.858957      18.647766      20.836580      23.404516      21.470791      18.440207      19.555666      18.608379      15.191561      14.490700      16.200214      14.346596      11.232862      13.226594      15.846964      13.350307      10.664275       8.167454       5.186094       6.013049       7.348005      10.919029      13.367260      16.389057      17.104418      19.781364
      28.327913      27.831062      25.250359      27.050402      30.476475      31.477549      28.088425      25.983803      22.212154      22.325727      18.591492      15.773269      12.780219      10.084373       6.329285       3.812120       0.000000       3.807591       5.885049       7.846327       8.323694       5.473677       6.336521       9.844361      10.056185       8.996577      10.804785      13.887175      14.395745      14.962074      18.226957      19.370193      17.175041      18.866594      16.465506      16.303749      13.790627      15.000098      13.682195      12.529234      11.144449      13.551086      11.161004      13.250697      11.968837       8.157607       7.196708       5.529198       5.109480       5.208434       6.682973       8.633089      11.205385      13.367376      16.877277      19.482151      20.733829      22.830881      25.032652      22.624763      19.932753      20.748564      19.143953      15.989557      15.861066      16.879206      14.329129      11.855595      14.100673      15.947124      12.872290      11.098848       7.998902       6.322522       8.445881      10.756220      14.366712      17.073124      19.926380      20.467293      23.234102
      30.234447      30.132805      27.855490      29.957975      33.257458      34.416382      31.042019      29.176249      25.456942      25.442879      21.649416      18.952757      16.032938      13.316291       9.733464       6.427095       3.807591       0.000000       3.779629       7.129147       7.581035       6.254647       8.067351      10.936391      11.763429      11.789603      13.377199      16.277187      17.357183      18.111767      21.094227      22.482952      20.601065      22.374403      20.156975      20.092443      17.559361      18.612946      16.946539      15.635678      14.441319      16.617100      14.165095      15.574264      13.906474      10.371984       8.000415       4.679780       4.141686       6.766191       9.149326      11.915645      14.693141      17.075142      20.480997      22.964571      24.330425      26.264069      28.372225      25.916819      23.132078      23.567514      21.971380      19.073185      18.622213      19.186790      16.732241      14.261072      15.817493      17.178141      13.709508      12.102873       9.714885       7.957885      11.005960      13.017288      16.786989      19.273932      22.205481      22.275175      24.685051
      32.361809      32.099220      29.830763      31.917383      35.332668      36.666607      33.422077      31.468903      27.726681      28.070827      24.364876      21.641390      18.530533      15.967515      12.187298       9.445837       5.885049       3.779629       0.000000       3.766388       5.482880       5.926641       6.738528       8.942185      10.907921      11.621615      12.254039      15.142010      16.990944      17.476379      20.049713      21.997478      20.595285      22.888681      21.025764      20.881836      18.539076      20.000479      18.377970      16.520208      14.738093      16.107418      13.363530      13.870399      12.283477       9.329226       6.406373       3.711739       6.067646       8.380080      11.493965      13.783381      16.804216      18.883802      22.544106      25.197359      26.152201      28.095364      29.945261      27.169117      24.756170      25.104292      23.001703      20.332983      20.458467      20.630198      17.683092      15.899014      17.764353      18.547752      14.896828      14.183764      11.457246      10.772030      13.802348      16.271997      19.991661      22.665880      25.515497      25.680815      28.251818
      32.645306      32.125126      29.851290      31.871084      35.382103      36.905602      33.856293      31.855227      28.153261      28.964680      25.436663      22.844282      19.504972      17.360645      13.539359      11.656126       7.846327       7.129147       3.766388       0.000000       3.848819       5.601489       4.998455       5.975322       8.883858      10.198245       9.946421      12.559438      15.034867      15.406129      17.484118      19.816143      18.946505      21.618143      20.240396      20.232441      18.353626      20.386095      19.199080      17.076874      14.581844      15.109234      11.937675      11.752390      10.927992       8.663231       6.521329       6.040510       9.283911      10.619896      13.597863      15.063469      17.881149      19.358053      23.131382      25.779270      26.202890      28.028748      29.529442      26.454050      24.473999      24.718468      22.144295      19.784575      20.517008      20.323259      16.965237      15.966317      18.188736      18.491356      14.926589      15.065889      12.028882      12.444738      15.225208      18.206381      21.771715      24.755598      27.361717      27.646261      30.508795
      29.761719      29.472435      27.510160      29.847279      33.222370      35.041645      32.142132      30.500240      26.921638      27.949928      24.500792      22.359226      18.758856      17.175127      13.405569      11.786021       8.323694       7.581035       5.482880       3.848819       0.000000       3.818954       5.428533       5.224724       6.933505       9.269017      10.028804      11.754699      14.136111      15.456399      17.309607      19.179586      18.561569      20.845041      19.839674      20.542843      19.116987      21.438734      20.741560      19.038450      16.438591      17.193686      13.677042      14.035548      13.921183      11.331388       9.802513       8.702127      10.993902      12.525666      14.876088      16.240290      18.468119      19.537489      23.082554      25.263096      25.518625      26.868576      28.065475      24.907944      22.845514      22.555109      20.014072      18.041420      18.470552      17.728016      14.520535      13.696445      15.433908      15.228604      11.586260      12.261663       9.689808      10.899272      13.999261      17.289415      20.797098      24.044149      26.283760      26.143023      29.045975
      27.093571      26.650967      24.448458      26.634630      30.055460      31.669243      28.648331      26.900940      23.272705      24.184252      20.706675      18.541965      14.943933      13.413957       9.696354       8.512296       5.473677       6.254647       5.926641       5.601489       3.818954       0.000000       3.821846       5.530529       5.586173       6.616784       8.477278      10.589455      12.041862      13.483224      15.939696      17.293694      16.083317      18.029480      16.663696      17.404348      15.903980      18.146551      17.655760      16.318911      13.879753      15.199703      11.796230      13.162285      13.098001       9.894794       9.148934       8.131678       9.551268      10.326883      11.943281      13.009298      14.899561      15.908144      19.374622      21.511963      21.924433      23.370749      24.804945      21.835066      19.542961      19.543655      17.269669      14.892679      15.172074      14.953727      11.850213      10.484840      12.599393      13.166139       9.708745       9.615518       6.447215       7.511249      10.299376      13.667892      17.103683      20.401628      22.615543      22.672718      25.698725
      29.007862      28.101723      25.576393      27.336700      30.938360      32.369858      29.375080      27.244331      23.567291      24.634748      21.286230      18.834324      15.387813      13.726353      10.104459       9.563275       6.336521       8.067351       6.738528       4.998455       5.428533       3.821846       0.000000       3.779966       5.298610       5.341991       5.558069       8.541317      10.358212      10.850499      13.361113      15.277617      14.095494      16.651476      15.266398      15.472605      13.953518      16.427059      15.959535      14.177469      11.247109      11.908036       8.352007       9.364636       9.593747       6.816104       6.996210       7.720829      10.065747       9.838181      11.671900      12.026103      14.167852      14.990134      18.716604      21.257250      21.398954      23.204292      24.669682      21.594841      19.740309      20.244404      17.621649      15.098228      16.217674      16.339211      12.844107      12.043933      14.923162      15.653419      12.587244      12.648407       9.042901      10.052325      11.933641      15.230022      18.446871      21.673050      23.984970      24.590710      27.786860
      29.227686      28.305019      26.044954      27.955626      31.510357      33.296082      30.589712      28.673960      25.161385      26.686258      23.561518      21.487591      17.865887      16.777088      13.311436      13.033097       9.844361      10.936391       8.942185       5.975322       5.224724       5.530529       3.779966       0.000000       3.823555       6.040961       5.368329       6.858531       9.777713      10.745148      12.231898      14.447939      14.231374      16.971346      16.423952      17.136950      16.328175      19.244682      19.195570      17.378538      14.106059      13.992358      10.198568      10.329161      11.507003       9.686079       9.915551      10.759611      13.455076      13.569098      15.429469      15.564847      17.362005      17.608755      21.180918      23.421574      23.038034      24.426895      25.348148      21.958071      20.527809      20.538471      17.477577      15.652446      17.119505      16.458084      12.740282      12.939341      15.602703      15.442745      12.490629      13.650603      10.441127      12.472504      14.470576      18.053547      21.125822      24.570553      26.551651      26.930456      30.229555
      25.453726      24.500393      22.304804      24.322996      27.825136      29.741676      27.135155      25.427006      22.027044      23.773388      20.812483      19.178978      15.419572      15.030862      11.937619      12.419633      10.056185      11.763429      10.907921       8.883858       6.933505       5.586173       5.298610       3.823555       0.000000       3.816594       5.288868       5.560341       7.483970       9.665163      11.277467      12.556549      12.239618      14.388901      14.095393      15.536088      15.235696      18.355667      18.898373      17.642225      14.461790      14.798502      11.044639      12.225198      13.766681      11.506307      12.280038      12.735208      14.603524      14.430623      15.438987      15.179392      16.182156      15.868639      19.106415      20.878260      20.304798      21.306118      22.030233      18.619522      17.105097      16.841942      13.814157      12.167124      13.558864      12.670517       8.943724       9.473684      12.164278      11.966131       9.430076      10.863348       7.843332      10.687762      12.234367      15.998715      18.754572      22.394262      23.964958      24.203669      27.628864
      24.808622      23.497444      20.837973      22.416954      26.068361      27.588892      24.801771      22.719135      19.192053      20.813511      17.860426      15.990875      12.380534      11.991166       9.240769      10.614807       8.996577      11.789603      11.621615      10.198245       9.269017       6.616784       5.341991       6.040961       3.816594       0.000000       3.811804       5.374471       5.583865       7.229958       9.917375      10.812355       9.489598      11.624056      10.691664      11.843623      11.436887      14.599854      15.390757      14.360609      11.231592      11.881726       8.402114      10.584144      12.149203       9.733980      11.443793      12.397727      13.801780      12.691541      13.014652      12.050544      12.708815      12.172302      15.487930      17.495834      17.013126      18.433371      19.566710      16.354500      14.748400      15.262902      12.457571      10.029755      11.765040      11.926256       8.292770       8.314588      11.800145      12.695366      10.667832      11.057323       7.561289       9.758455      10.253208      13.824042      16.308603      19.847782      21.490025      22.239098      25.778301
      28.102854      26.547943      23.809328      25.084999      28.797195      30.239817      27.571257      25.251669      21.785610      23.514494      20.717140      18.624086      15.288815      14.613044      11.875905      12.999660      10.804785      13.377199      12.254039       9.946421      10.028804       8.477278       5.558069       5.368329       5.288868       3.811804       0.000000       3.827495       5.632532       5.529773       7.813218       9.960970       9.242191      12.341944      11.721664      12.171372      11.844628      15.163849      15.820880      14.207637      10.597230      10.039927       6.320127       7.466981       9.798040       8.477072      10.694903      12.681866      14.890158      13.575574      14.455339      13.269577      14.381689      13.843896      17.313675      19.671316      18.906311      20.578873      21.584579      18.268181      17.268112      18.034275      14.906431      12.762186      15.089880      15.209025      11.476993      12.036365      15.535155      16.133633      14.057130      14.745976      11.206087      13.125818      13.701661      17.086063      19.548870      22.923666      24.711956      25.739305      29.284382
      26.724407      25.034311      22.541084      23.876785      27.498852      29.284771      26.987951      24.951641      21.774487      24.034929      21.614750      20.105833      16.692226      16.813091      14.421454      15.889559      13.887175      16.277187      15.142010      12.559438      11.754699      10.589455       8.541317       6.858531       5.560341       5.374471       3.827495       0.000000       3.831112       5.281716       5.807434       7.701150       8.334557      11.254081      11.844650      13.203154      13.904785      17.536610      18.794973      17.477570      13.867670      13.016017       9.595191      10.378747      13.264425      12.285592      14.376098      16.120962      18.292376      17.179661      17.825644      16.451715      16.949535      15.694679      18.711622      20.499846      19.104609      20.153734      20.476004      16.874378      16.427269      16.670099      13.134182      11.906573      14.644858      14.041424      10.309566      12.051050      15.302217      15.216941      13.734592      15.248706      12.235846      14.966537      15.397176      18.950476      21.085484      24.651939      25.948427      26.768604      30.433001
      24.191082      22.181381      19.418758      20.432770      24.112757      25.717569      23.434330      21.289131      18.193722      20.621660      18.487518      17.269655      14.071603      14.832530      13.205926      15.507237      14.395745      17.357183      16.990944      15.034867      14.136111      12.041862      10.358212       9.777713       7.483970       5.583865       5.632532       3.831112       0.000000       3.831743       5.335618       5.301826       4.994473       7.497327       8.250103      10.189240      11.565200      15.307963      17.208315      16.469969      13.143744      12.731328       9.883256      11.761459      14.578887      13.331325      15.907577      17.573122      19.104515      17.477900      17.293837      15.315365      14.965703      13.014029      15.601247      17.082785      15.418056      16.392097      16.736162      13.198372      12.868015      13.514441      10.107147       8.672127      11.859461      11.815770       8.453650      10.344758      13.835834      14.343380      13.608637      14.664571      11.862411      14.470644      13.959608      17.240894      18.810446      22.317362      23.287090      24.346125      28.105225
      27.374836      25.151600      22.116631      22.645693      26.385658      27.577528      25.208076      22.622368      19.486776      21.674841      19.580006      17.892389      15.112293      15.358642      13.847990      16.149044      14.962074      18.111767      17.476379      15.406129      15.456399      13.483224      10.850499      10.745148       9.665163       7.229958       5.529773       5.281716       3.831743       0.000000       3.843640       5.276164       4.327461       8.011157       8.137251       8.673769       9.915456      13.661854      15.489037      14.428301      10.942433       9.705892       7.403661       9.062275      12.227560      11.806252      14.970867      17.371046      19.127060      17.004547      16.905836      14.527781      14.449601      12.604783      15.388624      17.450130      15.853642      17.495548      18.200144      14.965083      14.913139      16.300928      13.165749      11.339462      14.619015      15.218119      11.991750      13.311610      17.031275      17.919611      16.910971      17.543890      14.345159      16.311541      15.635933      18.605188      20.155540      23.372162      24.647348      26.181108      29.904814
      28.467377      26.098778      23.319597      23.793081      27.405668      28.860662      26.899332      24.526089      21.725277      24.313389      22.557972      21.234476      18.462965      19.029604      17.506773      19.699106      18.226957      21.094227      20.049713      17.484118      17.309607      15.939696      13.361113      12.231898      11.277467       9.917375       7.813218       5.807434       5.335618       3.843640       0.000000       3.800738       5.787439       9.159232      10.649202      11.598058      13.430038      17.160826      19.138662      18.004780      14.476027      12.646357      10.497327      11.059901      14.676195      14.824822      17.810596      20.304291      22.402643      20.523222      20.660812      18.362074      18.234568      16.151808      18.600658      20.286333      18.162024      19.291883      19.290892      15.871304      16.571951      17.514118      14.053193      13.206939      16.746563      16.701139      13.545397      15.671124      19.121220      19.372425      18.637999      19.915766      16.976461      19.412315      18.932840      22.050430      23.505636      26.810062      27.818398      29.213125      32.990143
      25.568472      22.946022      20.130880      20.355690      23.905531      25.364376      23.615055      21.357658      18.842329      21.743467      20.424421      19.644213      17.095047      18.393188      17.507599      20.222246      19.370193      22.482952      21.997478      19.816143      19.179586      17.293694      15.277617      14.447939      12.556549      10.812355       9.960970       7.701150       5.301826       5.276164       3.800738       0.000000       3.810166       6.032528       8.564907      10.446606      13.113498      16.834892      19.411274      18.880714      15.694291      14.470824      12.626593      14.035479      17.408949      17.063902      20.126259      22.289421      23.895687      21.868790      21.397057      18.803720      17.894754      15.172277      16.966200      18.037830      15.461699      16.127951      15.756516      12.342593      13.507729      14.494336      11.192728      10.812942      14.567259      14.638666      12.089127      14.538282      17.806570      18.205273      18.199554      19.391472      16.892538      19.430717      18.368303      21.267914      22.179802      25.446709      25.981600      27.391890      31.209059
